retweets;favorites;text;mentions;hashtags
0;0;They really need to have something where u can just out something on line paper and somehow it just jumps on microsoft;;
0;0;This news about Steven Sinofsky is good news, rare to get that from Microsoft .;;
0;0;Meet the Next CEO of Microsoft : Steven Sinofsky Is the Heir Apparent [ Microsoft ] http:// pulse.me/s/6unmW;;
0;0;http:// oryx.softdoc.info/prilozheniya-d lya-symbian/skachat-microsoft-activesync-dlya-xp.html … скачать microsoft activesync для xp;;
0;0;Checked in at Microsoft Building 122 http://www. facebook.com/pages/Microsof t-Building-122/146863472004509 …;;
0;0;RT @jaimesanchez Amigos Microsoft necesita 2 expertos en SQL y .NET es directamente para MS Jaime.sanchez@http:// microsoft.com;@jaimesanchez @http;
0;0;Meet the Next CEO of #Microsoft : Steven #Sinofsky Is the Heir Apparent [ Microsoft ] http:// goo.gl/5kRml #republished;;#Microsoft #Sinofsky #republished
0;0;Microsoft Blew One Of Its Big Chances To Get Windows Tablets In Businesses (MSFT) http:// read.bi/xE5uQQ;;
2;0;BLOG POST: "INFO: What’s the difference between Forefront Endpoint Protection 2010 & Microsoft Security Essentials?" http:// bit.ly/yuoOoc;;
0;0;Microsoft Flight (2012/ENG/MULTI5) » Новостной Сайт Инфа Здесь.com - http:// infazdes.com - инфа здесь http:// infazdes.com/igry/igry-pk/4 356-microsoft-flight-2012engmulti5.html …;;
0;0;I need Microsoft to get down with auto-save!;;
0;0;kkkkkk ele é quase igual o menu do Xbox kkkkk Microsoft;;
3;1;I get so impressed by people who mention "proficient in microsoft word, excel and powerpoint" in their resume!!;;
0;0;@M_Alhajri Does your console have an official Microsoft Xbox 360 hard drive installed? ^PS;@M_Alhajri;
0;0;VIRUSSCAN 4.5 FOR MICROSOFT WINDOWS;;
0;0;Qualcomm, Microsoft giving Snapdragon S4 PCs to Windows-on-ARM developers (update: NVIDIA handing out Tegra 3 PCs... http:// pulse.me/s/6tHPr;;
0;0;Microsoft Flight disponible en téléchargement http:// bit.ly/xFDhTl @gamefrancefr;@gamefrancefr;
0;0;Microsoft me odia, sacan el Windows 8 CP y Microsoft Flight, cuando me inundaron de tareas en la universidad.;;
0;0;Microsoft Flight Multilenguaje (Español) (PC-GAME) http:// bit.ly/zRMP1w;;
0;1;Microsoft shows off their new augmented reality mirror called Holoflector;;
0;0;Really hate that Windows 8 pushes you towards having a Microsoft account. Not a fan of the iOS-ification of my precious Windows.;;
0;0;Netshield 4.0.3 for Microsoft Windows NT;;
1;0;a Steve Jobs in msft “ @tumblingeek : Meet the Next CEO of Microsoft : Steven Sinofsky Is the Heir Apparent [ Microsoft ] http:// bit.ly/yaOusz ”;@tumblingeek;
0;0;im tired of writing this paper, revising this paper ... im tired of looking at microsoft hell ...;;
0;0;Free eBook: Security and Privacy for Microsoft Office 2010 Users ...: We are very excited to announce that we ar... http:// bit.ly/wUrRwm;;
0;0;Microsoft to Seed Windows 8 Developers, Device Makers With Test PCs Powered by NVIDIA's Tegra 3 Mobile Processor;;
0;0;Microsoft estaría probando procesadores Snapdragon S4 de doble núcleo para Windows Phone 8 http:// dlvr.it/1GCqXH;;
0;0;Microsoft estaría probando procesadores Snapdragon S4 de doble núcleo para Windows Phone 8 http:// dlvr.it/1GCqZN;;
0;0;Windows 8: Se puede descargar versión preliminar del nuevo sistema operativo de Microsoft @danielslevi @pau_ruiz ... http:// fb.me/1coqRZWqT;@danielslevi @pau_ruiz;
0;0;Microsoft PowerPoint wrote: Microsoft PowerPoint asked: My PowerPoint presentation isn’t complete until I:;;
2;0;Microsoft estaría probando procesadores Snapdragon S4 de doble núcleo para Windows Phone 8 http:// dlvr.it/1GCqRw;;
0;0;@mangakaluna Is this on Microsoft SQL Server?;@mangakaluna;
1;0;Popular Science - New Technology, Science News, The Future Now - Video: Microsoft IllumiShare Lets You Play Remotely... http:// post.ly/5g0FY;;
0;0;Microsoft 、「Windows 8 Consumer Preview」を一般に向けて公開 | ITmedia News 速報 最新記事一覧 http:// tinyurl.com/8xyrvo7;;
0;0;RT @SergiusEscobar : Start-up Tips From Google, Microsoft & HP | http:// ow.ly/9laRV | #innovation #startups #entrepreneurship #socialmedia;@SergiusEscobar;#innovation #startups #entrepreneurship #socialmedia
0;0;Meet the Next CEO of Microsoft : Steven Sinofsky Is the Heir Apparent http:// bit.ly/Akrzv6 #iPhone;;#iPhone
0;0;Not very impressed with the Metro UI of #win8 Hey @Microsoft can we get a "classic" option for non-touch devices? That would be super.;@Microsoft;#win8
0;0;Microsoft Wireless Mobile Mouse 3000 for $9 + free shipping - http:// dn.ws/bvp2;;
0;0;Development of The Microsoft MOS-E2K Security Certification: MOS-E2K ( Microsoft Excel 2000 CORE): In order to ge... http:// bit.ly/AtDkAZ;;
0;0;Microsoft Flight, it's free!! #tienetruco;;#tienetruco
0;0;Microsoft abre acceso al Windows 8 http:// bit.ly/y81bEA;;
0;0;Xbox LIVE 12-Month Gold Membership for $36 + free shipping: The Microsoft Store offers a Microsoft Xbox 360 LIVE... http:// bit.ly/zR0wFp;;
0;0;[$$] FTC Attorney to Join Microsoft : http:// adf.ly/5t6LB;;
0;0;BGR: The Three Biggest Letters In Tech - Live from Microsoft ’s Windows 8 press conference at MWC! http:// post.ly/5g0Cy;;
0;0;Windows 8 public preview launched: Microsoft launches the first consumer preview of its latest operating system,... http:// bit.ly/wEcQYl;;
0;0;Microsoft unveils Windows 8 for consumer testing (Economic Times) http:// bit.ly/xzmldy;;
0;0;With Windows 8, Microsoft Learns From the Mobile Revolution http:// pulse.me/s/6u6H1;;
0;0;VIRUSSCAN 4.5 FOR MICROSOFT WINDOWS;;
0;0;After using InDesign, trying to create style sets and apply them in Microsoft Word is like trying to shave with a machete. #fml;;#fml
0;0;http:// bit.ly/qvdI0w Nokia's Bet On Microsoft May Still Payoff: If Microsoft can deliver on its promises on Wind... http:// on.wsj.com/zeYYSH;;
0;0;Microsoft brings future to life at TechForum http:// goo.gl/fb/LT6xu;;
0;0;Microsoft unveils Windows 8 "Consumer Preview," downloads start via Mobile Downloads - Microsoft Wednesday ... http:// tinyurl.com/88zr7s2;;
0;0;Nokia's Bet On Microsoft Could Still Yield Payoff - Wall Street Journal: TechRadar UK Nokia's… http:// goo.gl/fb/FZqPZ;;
0;0;Microsoft 's grand challenge to the iPad and its great hope for relevance in the age of mobile computing arrives today, as the aging s...;;
0;0;FTC Attorney to Join Microsoft : Microsoft has hired an FTC attorney who led several antitrust investig... http:// bit.ly/wZ0dM6 #RBF_Firm;;#RBF_Firm
0;0;FTC Attorney to Join Microsoft : Microsoft has hired an FTC attorney who led several antitrust investig... http:// bit.ly/wZ0dM6 #RBF_Firm;;#RBF_Firm
0;0;Microsoft dévoile Windows 8, espérant regagner du terrain dans les mobiles | Tiwinoo http:// fb.me/1hUi3ewuw;;
0;0;FTC Attorney to Join Microsoft http:// dlvr.it/1GCqM2;;
0;0;Nice work @Microsoft ! (video) Windows 8 Consumer Preview: Product Demo - http:// dmackdaddy.blogspot.com/2012/02/video- windows-8-consumer-preview.html … $ MSFT;@Microsoft;
0;0;| NEWSBLOG | Should Peru pay for its own development?: Should Peru pay for its own development? The Microsoft ... http:// dlvr.it/1GCqKq;;
0;0;| NEWSBLOG | Should Peru pay for its own development?: Should Peru pay for its own development? The Microsoft ... http:// dlvr.it/1GCqKZ;;
0;0;我在 Microsoft ： Microsoft | Executive Briefing Center,體驗完 Microsoft Home http:// jie.pn/p_Ic8NGJkC;;
0;0;! “ @engadget : Microsoft Windows 8 Consumer Preview detailed impressions http:// engt.co/wmhev8 ”;@engadget;
0;0;NVIDIA Partnering with Microsoft to Release Windows 8 Test PCs: In addition to the news from earlier today regar... http:// bit.ly/y8n0EO;;
0;0;NVIDIA Partnering with Microsoft to Release Windows 8 Test PCs: In addition to the news from earlier today regar... http:// bit.ly/y8n0EO;;
0;0;With Windows 8, Microsoft Learns From the Mobile Revolution http:// bit.ly/zG4jvP Social-Media.alltop;;
0;0;CHR Unified Back Office System Integrated with Microsoft Dynamics CRM http:// eqent.me/wfWtqF;;
0;0;CHR Unified Back Office System Integrated with Microsoft Dynamics CRM http:// eqent.me/wTsInk;;
0;0;With Windows 8, Microsoft Learns From the Mobile Revolution http:// bit.ly/xtiOVj;;
0;0;Microsoft updates take forever! Ho hum...;;
0;0;With Windows 8, Microsoft Learns From the Mobile Revolution http:// bit.ly/wbnv5W #news #socialmedia;;#news #socialmedia
0;0;Microsoft opens doors to Metro app store for Windows 8 http:// techobel.com/microsoft-open s-doors-to-metro-app-store-for-windows-8-301.html … via @theme_junkie;@theme_junkie;
0;0;With Windows 8, Microsoft Learns From the Mobile Revolution http:// bit.ly/wbnv5W #news #socialmedia;;#news #socialmedia
0;0;@wunderbar Microsoft is trying to force a technology change. They are losing customers. Expecting them to do things right is an oxymoron. :(;@wunderbar;
0;0;(! Aug.18 QA) Microsoft unveils Windows 8 http:// bit.ly/z56hCt;;
0;0;L'unica cosa il cui nome inizia con Mic...Micros...(non ce la faccio)... #Microsoft (ecco, ce l'ho fatta), manda in crash il mio #mac ...mah!;;#Microsoft #mac
0;0;Windows 8 minimum hardware system requirements: Windows 8 consumer preview has just been released and Microsoft ... http:// bit.ly/zjXzwo;;
0;0;http:// cvdcv.legkovye-avtomobili-vaz.ru/microsoft-visi o-crack-skachat.html … microsoft visio crack скачать;;
0;0;DOWNLOAD Microsoft Office 2010: Ultimate Tips & Tricks http://www. makeuseof.com/pages/download -microsoft-office-2010-ultimate-tips-tricks …;;
0;0;Windows history: Interactive traces evolution of the Microsoft operating system: http:// apne.ws/Aq54o1;;
0;0;Microsoft MOS-AXP Techniques For Success: MOS-AXP ( Microsoft Access 2002 Core): In order to keep yourself update... http:// bit.ly/xTLoWu;;
0;0;@GFWL : " Microsoft Flight launches today! Soar the skies and play for free today at http://www. MicrosoftFlight.com . http:// fb.me/160HVV9DR ";@GFWL;
0;0;a apple vale mais que a microsoft SUCK IT GATES;;
0;0;#PS3 Geen Cell in de PlayStation 4': De geruchten en speculaties rond de nieuwe machine van Microsoft volgen zic... http:// bit.ly/w2NSKy;;#PS3
0;0;@patrickklepek You wouldn't happen to know when the Microsoft Spring Showcase embargo ends, would you?;@patrickklepek;
0;0;Microsoft -owned website accused of selling pirated e-books: An Australian deal website owned by Microsoft Corp. ... http:// bit.ly/xjXI81;;
0;0;Microsoft -owned website accused of selling pirated e-books: An Australian deal website owned by Microsoft Corp. ... http:// bit.ly/xjXI81;;
0;0;Microsoft 's Next CEO: Dictator or Visionary? http:// lnkd.in/Swedgf;;
0;0;Microsoft Releases Windows 8 Consumer Preview, Here's Where To Get It http:// tcrn.ch/yQHahN;;
0;0;(3) http:// CNN.com Microsoft unveils Windows 8 http:// bit.ly/x9tx0K;;
0;0;Microsoft divulga previa do Windows 8 nesta quarta, em http:// noticiasgospelbrasil.com , RT.;;
0;0;I'm at Microsoft Tampa w/ @azarc3 http:// 4sq.com/A1hwPA;@azarc3;
0;0;Microsoft unveils Windows 8 for consumer testing http:// bit.ly/woOOkx;;
0;0;Where to Get Windows 8 Consumer Preview Product Key?: Microsoft finally unleashed the much… http:// goo.gl/fb/KlNS1;;
0;0;Microsoft unveils Windows 8 in challenge to Apple, Google http:// q.gs/y5ck;;
0;0;MISS U SO MUCH MICROSOFT WORD, LIKE THE DESERTS MISS THE RAAAAIN;;
0;0;@PassionSucree " Microsoft security essential" gratuit et efficace;@PassionSucree;
0;0;Windows 8, Windows Server 8 Betas Released; Windows Store Launches: Microsoft released the betas for Windows 8 a... http:// bit.ly/zYCkzn;;
0;0;Visual Studio 11 Beta Now Available: Two key products for Microsoft developers hit the beta milestone on Wednesd... http:// bit.ly/wkpeqQ;;
0;0;Microsoft Research em Saúde e Genética | Agência FAPESP :: Agenda: http:// bit.ly/yPiEka via @AddThis;@AddThis;
0;0;Windows Azure Suffering Major Outages: Components of Microsoft 's Windows Azure service are still recovering from... http:// bit.ly/zqFUZx;;
0;0;Ben Strong's Blog: Google and Microsoft Cheat on Slow-Start. Should You? http:// dlvr.it/1GCpsn . http:// dlvr.it/1GCpt4;;
0;0;Microsoft versus Google versus Apple: la batalla vuelve a estar servida http:// bit.ly/ztkNq6;;
0;0;Microsoft dévoile Windows 8, espérant regagner du terrain dans les mobiles | Tiwinoo http://www. tiwinoo.com/microsoft-d%25 C3%25A9voile-windows-8-esp%25C3%25A9rant-regagner-du-terrain-dans-les-mobiles.html#tunisie …;;#tunisie
0;0;Apple, Microsoft , And The 3-D Desktop Of Your Dreams | Fast Company http://www. fastcompany.com/1821828/why-yo ur-pcs-desktop-will-go-3d-apple-microsoft …;;
0;0;Microsoft представила Windows 8 Consumer Preview;;
0;0;I've uploaded an @YouTube video http:// youtu.be/iis1nIzrGQw?a Flying the Mustang P-51D in the new Microsoft Flight game;@YouTube;
0;0;Microsoft estaría probando procesadores Snapdragon S4 de doble núcleo para Windows Phone 8 http:// bit.ly/AnyCzb #Moviles;;#Moviles
0;0;Microsoft estaría probando procesadores Snapdragon S4 de doble núcleo para Windows Phone 8: Con la llegada de W... http:// bit.ly/zMvXXh;;
0;0;Microsoft da a conocer lo que será su nuevo sistema operativo Windows 8: http://www. bbc.co.uk/news/technolog y-17205753 …;;
0;0;I'm not sure what Microsoft is trying to do with Windows 8, but it's an ugly mess. pic.twitter.com/Jesfiyop;;
0;0;Microsoft estaría probando procesadores Snapdragon S4 de doble núcleo para Windows Phone 8: Con la llegada de W... http:// bit.ly/yC6ChK;;
0;0;Microsoft estaría probando procesadores Snapdragon S4 de doble núcleo para Windows Phone 8 http:// bit.ly/xKCS5X;;
0;0;With Windows 8, Microsoft Learns From the Mobile Revolution: The software world is becoming an interconnected We... http:// bit.ly/wzaLwo;;
0;0;Sortie de Windows 8 : Microsoft joue la carte de l'adaptabilité http:// bit.ly/wGJWmP;;
0;0;Microsoft estaría probando procesadores Snapdragon S4 de doble núcleo para Windows Phone 8 http:// bit.ly/yC6ChK #TecnoMóvil;;#TecnoM
0;0;Microsoft estaría probando procesadores Snapdragon S4 de doble núcleo para Windows Phone 8: Con la llegada de W... http:// bit.ly/yC6ChK;;
0;0;Microsoft estaría probando procesadores Snapdragon S4 de doble núcleo para Windows Phone 8: Con la llegada de W... http:// bit.ly/yC6ChK;;
0;0;@Gustavismos nãao calma rs É aquela versão de teste, que nem eles fizeram com o 7, qualquer um pode baixar!! Tem um hotsite da microsoft;@Gustavismos;
0;0;@yourcopeland I'm not a huge fan of Microsoft generally, but the developers I've worked with use Visio.;@yourcopeland;
0;0;Checked in at Microsoft Studio F http://www. facebook.com/pages/Microsof t-Studio-F/195543030474488 …;;
0;0;Tu y la que mas le hace propaganda a Microsoft pes! xD Jajaja... =p @Johandrina;@Johandrina;
0;0;MWC 2012: Microsoft unveils Windows 8 preview: Microsoft has released Windows 8 for public testing. http:// bit.ly/yHkV8r;;
0;0;“ MICROSOFT FLIGHT” EST DISPONIBLE DES AUJOURD’HUI http:// goo.gl/fb/eGvQG #microsoft #fr;;#microsoft #fr
0;0;Microsoft lève le voile sur Windows 8 - Les Échos #tech http:// goo.gl/x6DUJ;;#tech
0;0;E-camp - Azure Serie: Utilisez SQL Azure Reporting Services pour organiser le… http:// goo.gl/fb/wxgJo #microsoft;;#microsoft
0;0;The Midweek Download: Feb. 29th Edition– Microsoft Unveils the Windows 8 Consumer… http:// goo.gl/fb/9sDp4 #microsoft;;#microsoft
0;0;Running the Consumer Preview: system recommendations http:// goo.gl/fb/G3pGc #microsoft #en;;#microsoft #en
0;0;Welcome to Windows 8 – The Consumer Preview http:// goo.gl/fb/XKkAb #microsoft #en;;#microsoft #en
0;0;Introducing Windows 8 Consumer Preview http:// goo.gl/fb/9UoaW #microsoft #en;;#microsoft #en
1;0;Le cloud de Microsoft (Azure) a été down (pour certains) pendant plus de 12h ! http://www. zdnet.com/news/windows-a zure-suffers-worldwide-outage/6348160 …;;
0;0;Microsoft Announces Availability of Windows 8 Consumer Preview http:// goo.gl/fb/VuopU #microsoft #en;;#microsoft #en
0;0;Microsoft Backpack Que-Blue: Perfect Fit Laptop Wrap adjusts to secure laptops up to 15.6 Front pkt with access... http:// amzn.to/xDUETQ;;
0;0;Microsoft annonce la sortie de Windows 8 Consumer Preview Cette version permet aux… http:// goo.gl/fb/pgaoP #microsoft;;#microsoft
0;0;SEO Process at Microsoft - Be consistent (use templates), be authentic (focus on impact), be persistent (to get stuff implemented) #smx;;#smx
0;0;速報： Microsoft 、Windows 8のコンシューマ・プレビュー版を一般公開 http:// jp.techcrunch.com/archives/20120 229microsoft-releases-windows-8-consumer-preview/ … @jptechcrunch さんから;@jptechcrunch;
0;0;- 01 Nokia Lumia 800 - 01 Xbox 360 com Kinect - 01 Headset Microsoft LifeChat - 01 HD Externo Ainda há tempo #nokiacpbr5;;#nokiacpbr5
0;0;Seriously I am completely baffled by that. Microsoft is literally saying that a perfect 720p display is 48 pixels too short for win8. Dumb.;;
0;0;Very disappointed with Windows 8 and using a mouse...why no X out feature? @Windows @Microsoft @Windowsblog;@Windows @Microsoft @Windowsblog;
0;0;http:// zjrhp.legkovye-avtomobili-vaz.ru/microsoft-offi ce-crack-skachat-besplatno.html … microsoft office crack скачать бесплатно;;
0;0;UPDATE: Microsoft 70% through restoring Azure Compute service to North Central US & SouthCentral US + North Europe http://www. zdnet.co.uk/blogs/mapping- babel-10017967/microsoft-grapples-with-windows-azure-outage-10025520/ …;;
0;0;Microsoft unveils Windows 8 http:// dlvr.it/1GCpWf;;
0;0;Tu y la que mas le hace propaganda a Microsoft pes! xD Jajaja... =p;;
0;0;Microsoft 's Windows Azure has a meltdown http:// ow.ly/9mVgp;;
0;0;Microsoft Windows 8 Consumer Preview detailed impressions http:// pulse.me/s/6t8hI;;
0;0;New Post: Microsoft Flight http:// bit.ly/zap9SL;;
0;0;Microsoft unveils Windows 8 http:// dlvr.it/1GCpTv;;
0;0;#5: Microsoft Windows Small Business Server 2011 Essentials - Licence et support - 1 serveur (1-2 CPU), jusqu'à ... http:// amzn.to/wQ7dWd;;#5
0;0;Microsoft goes for Google's throat http:// bit.ly/ywyafe;;
0;0;Marvel Sends 80 Graphic Novels To iBookstore, $35 Raspberry Pi Computer Goes On Sale, Microsoft And Nokia... http:// goo.gl/rV6oo ”;;
0;0;http:// paint.softdoc.info/yaponskie-seri aly/skachat-list-microsoft-office-excel.html … скачать лист microsoft office excel;;
0;0;Microsoft , Windows 8'i tanıttı http://www. sanalliman.com/haber-2338;;
0;0;Após 100 mil mudanças, Microsoft lança Windows 8; veja como baixar http:// folha.com/no1055100 #folha;;#folha
0;0;@elciorcarvalho vc teria coragem de instalar um beta da microsoft ?;@elciorcarvalho;
0;0;Microsoft dévoile Windows 8 - Reuters :: http:// fr.reuters.com/article/frEuro Rpt/idFRL5E8DTB6G2012 … http:// actualitesfrance.blogspot.com /;;
0;0;Microsoft Xbox 360 Slim (Latest Model)- 4 GB Black Console (NTSC) http:// bit.ly/zJhlgs;;
0;0;Microsoft Xbox 360 Pro Console http:// bit.ly/w4LyXu;;
0;0;Microsoft Xbox 360 Slim 4GB Video Game System http:// bit.ly/yYv3HJ;;
0;0;Shocked that the xbox companion doesn't work in the Windows 8 preview just cos i live in the UK. Boo to you microsoft .;;
0;0;With Windows 8, Microsoft Learns From the Mobile Revolution http:// bit.ly/xtHfxT;;
0;0;- VirusScan 4.5 for Microsoft Windows 95,;;
0;0;Windows 8, Microsoft has sweated the details, embraced beauty and simplicity, and created something new and delightful. http:// nyti.ms/wDsPYw;;
0;0;VIRUSSCAN 4.5 FOR MICROSOFT WINDOWS;;
0;0;Microsoft 'charms' users with Windows 8 http:// bit.ly/y4V93p;;
0;0;Microsoft Flight Released: The Microsoft Flight website now offers Microsoft Flight, the free-to-play follow up ... http:// bit.ly/yUNGb6;;
0;0;Geen Cell in de PlayStation 4?: De geruchten en speculaties rond de nieuwe machine van Microsoft volgen zich in ... http:// fok.nl/529614;;
0;0;XBox 360 Check out 'Kinect Sensor with Kinect Adventures!' by Microsoft Software http:// amzn.to/biJtEK;;
0;0;#Cloud Microsoft Launches Windows 8 Consumer Preview http:// bit.ly/wIyEpx;;#Cloud
0;0;Empezamos bien. Primer día, nos hemos levantado antes de las 6 de la mañana. Es la 1 y el tema de debate es 'Google v. Microsoft ' xD;;
0;0;Grr...now I cannot add any other accounts to the people hub other than Google and Microsoft ....Another #Windows8Fail;;#Windows8Fail
0;0;#Microsoft #Windows8 Consumer Preview detailed impressions http:// engt.co/whc0QR;;#Microsoft #Windows8
0;0;@Microsoft releases incomplete @Windows 8 for public probing - @SMH_news : http:// tinyurl.com/7so829k;@Microsoft @Windows @SMH_news;
0;0;Windows 8: veja 5 pontos que a Microsoft pode apresentar nesta quarta-feira - IT Web: http:// itweb.com.br/54112/windows- 8-veja-5-pontos-que-a-microsoft-pode-apresentar-nesta-quarta-feira/#.T066QBWubeg.twitter … via @AddThis;@AddThis;#
0;0;#Microsoft released the #Windows8 Consumer Preview (beta) edition today.;;#Microsoft #Windows8
0;0;Microsoft unveils Windows 8 http:// bit.ly/wTn2tx;;
0;0;Acepta venderle su alma a Microsoft ? SI ACEPTO ACEPTO!!! pic.twitter.com/MWsHOcRR;;
0;0;@mcclure111 Apple and Microsoft are reportedly racing to hire every blog web designer possible in order to get the edge.;@mcclure111;
0;0;#ARNews RT @engagepr: #Microsoft unveils #Holoflector , the future of #AugmentedReality . Not smoke and mirrors-- ... http:// bit.ly/wlUgy2;@engagepr;#ARNews #Microsoft #Holoflector #AugmentedReality
0;0;Microsoft Flight Multilenguaje (Español) (PC-GAME): Datos Técnicos Microsoft Flight Multilenguaje (Español) (P... http:// bit.ly/ybV5k1;;
0;0;#ARNews #Microsoft unveils #Holoflector , the future of #AugmentedReality . Not smoke and mirrors-- but Xbox Kinec... http:// bit.ly/xoVGMU;;#ARNews #Microsoft #Holoflector #AugmentedReality
0;0;Barcelona, Spain (CNN) -- Microsoft unveiled Windows 8 for public testing on Wednesday in the hope that it will ... http:// bit.ly/A9I4TY;;
0;0;Microsoft Flight Multilenguaje (Español) (PC-GAME): Datos Técnicos Microsoft Flight Multilenguaje (Español) (P... http:// adf.ly/5t62g;;
0;0;Microsoft Flight Multilenguaje (Español) (PC-GAME) http:// bit.ly/yA4U8s;;
0;0;Microsoft Flight Multilenguaje (Español) (PC-GAME): Datos Técnicos Microsoft Flight Multilenguaje (Español) (P... http:// bit.ly/ybV5k1;;
0;0;Nuevo post Microsoft Windows Consumer Preview: Microsoft ha presentado la Consumer Preview de Microsoft Windows ... http:// tinyurl.com/6qdeld5;;
0;0;Nuevo post Microsoft Windows Consumer Preview: Microsoft ha presentado la Consumer Preview de Microsoft Windows ... http:// tinyurl.com/6qdeld5;;
0;0;Microsoft unveils Windows 8 for consumer testing - The Associated Press http:// bit.ly/wVT8yv #Mobile #Notes;;#Mobile #Notes
0;0;Para os amantes do Microsoft Flight http:// post.ly/5fzpE;;
0;0;Microsoft 、「Windows 8 Consumer Preview」を一般に向けて公開 - ITmedia エンタープライズ http://www. itmedia.co.jp/enterprise/art icles/1203/01/news029.html …;;
0;0;olha essa Microsoft nos surpreendendo novamente: http:// bit.ly/w0FZhc;;
0;0;Netshield 4.0.3 for Microsoft Windows NT;;
0;0;@twotribes @iA But back to #win8 - the discussion reminds me a little of Microsoft Bob - interactive elements have to be identifiable...;@twotribes @iA;#win8
0;0;@DanDanowski I know. I'm only joking. I'm just a Microsoft cynic TBH. Firefox is the most sluggish program on my machine at the mo.;@DanDanowski;
0;0;Windows 8 e ARM: Microsoft apoia, mas há limitações http:// goo.gl/fb/LQAU4;;
0;0;Microsoft Launches Test Version Of Windows 8: Microsoft hopes that working with ARM-based chip makers such as Qu... http:// bit.ly/wP23B6;;
0;0;Microsoft 's Next CEO: Dictator or Visionary? http:// lnkd.in/tfnXSc;;
0;0;PC til I get some Mac Money LOL - Microsoft unveils Windows 8 in challenge to Apple, Google http://www. cnn.com/2012/02/29/tec h/mobile/microsoft-windows8/index.html … #cnn;;#cnn
0;0;@andre_valverde no site da microsoft que é só leitor de ppt;@andre_valverde;
0;0;sou um genio do microsoft office;;
0;0;Cool! RT @engagepr: #Microsoft unveils #Holoflector , the future of #AugmentedReality . http:// youtu.be/2Xv6FnM1SrE;@engagepr;#Microsoft #Holoflector #AugmentedReality
1;0;Photo: Windows 8 Consumer Previewのインストーラーを起動。何者かにPCを乗っ取られたかのような画面だが、 Microsoft はこれをハイセンスだと思っているようだ。 (Windows 8... http:// tmblr.co/ZQ6zQyHFsFSk;;
0;0;#USPSCIO Allison says Microsoft controls access to Office 365 w Lockbox: an approval framework, individuals must be pre-cleared....;;#USPSCIO
0;0;I'm offended cuz everytime I type my name in Microsoft Word, there is a red line under it lol;;
0;0;FTC Attorney to Join Microsoft http:// on.wsj.com/xsMs6V;;
0;0;#USPSCIO Allison says Microsoft controls access to Office 365 w Lockbox: an approval framework, individuals must be pre-cleared....;;#USPSCIO
0;0;Tee hee! >> Australia labels Microsoft a pirate http:// bit.ly/zlWj9a;;
0;0;http:// 8q3jc.co.cc/microsoft/2734 Microsoft Wireless Notebook Optical Mouse 3000 - Slate Microsoft;;
0;0;@razerdude where else? Microsoft . It's a consumer preview. Search Windows 8 Consumer Preview. :-);@razerdude;
0;0;@_DickTurnip No. Mum cant tell the difference between a Microsoft Word page + the Internet. She's the ODB (original dumb blonde) from Essex.;@_DickTurnip;
0;0;Wait! Un simulator NUEVO??? RT @shadowfinal : Microsoft Flight Multilenguaje (Español) (PC-GAME) http:// bit.ly/yA4U8s;@shadowfinal;
0;0;Windows Server 2008 Active Directory Configuration: Microsoft Official Academic Course ( Microsoft Certified Technol.. http:// is.gd/FQpzwE;;
0;0;Apple, Microsoft , And The 3-D Desktop Of Your Dreams: Both Microsoft and Apple are busy working on banishing you... http:// twurl.nl/g3rbb7;;
0;0;Microsoft could lose the techies in their bid to win over consumers;;
0;0;@creidsss oh so ur team android, im team microsoft;@creidsss;
0;0;01/03 - Brevets : Microsoft s’en prend à Motorola Mobility #microsoft : http:// coon.yt/y1BNQl;;#microsoft
0;0;Microsoft unveils Windows 8 http:// usat.ly/zFC5KV via USA TODAY;;
0;0;Meet the Next CEO of Microsoft : Steven Sinofsky Is the Heir Apparent [ Microsoft ] #microsoft : http:// coon.yt/zGEN7w;;#microsoft
0;0;Info Planet: Microsoft stellt Windows 8 Consumer Preview bereit http:// bit.ly/vZMXNf;;
0;0;i have this great synopsis for a play...but where do i start!!! argh scrumples up imaginary paper on microsoft word!!;;
0;0;Microsoft offers touch guidance to Windows 8 Metro-app developers http:// bit.ly/zqCyuU;;
0;0;@GagesAndroid Microsoft beta;@GagesAndroid;
0;0;MB4-535 My braindumps And Microsoft Exams: MB4-535 (SL 7.0 Financials): If you have decided to appear for any of... http:// bit.ly/x3OCHh;;
0;0;Professional Microsoft Robotics Developer Studio http://www. bookshopsearch.com/179/427657/view;;
0;0;Entertainment Drimbl Vlieg mee met Microsoft Flight: Vanaf vandaag kan je aan de slag met Microsoft Flight op de... http:// bit.ly/xOBhXW;;
0;0;twitterFeeding: Meet the Next CEO of Microsoft : Steven Sinofsky Is the Heir Apparent [ Microsoft ]: ... http:// bit.ly/ypBUwJ;;
0;0;But Why RT @applenws : KELLNER: Yes, your iPad can run Microsoft Windows 7 - Washington Times http:// bit.ly/yAT7yM #apple;@applenws;#apple
0;0;@bleroy is leaving Microsoft . Good luck to him! #nwazet #mvp12 #orchardcms .;@bleroy;#nwazet #mvp12 #orchardcms
0;0;http:// havoc.blankdoc.info/pretenzii/kurs -microsoft-z-cifrovih-tehnology.html … курс microsoft із цифрових технологій;;
0;0;Microsoft = SHIT;;
0;0;Azure, le cloud de Microsoft , en panne http:// soc.li/YO9id8Z;;
0;0;La beta de #Windows8 , disponible: #Microsoft confía en que este sistema operativo cale entre las empresas: http:// bit.ly/wSL1kK;;#Windows8 #Microsoft
2;0;La beta de #Windows8 , disponible: #Microsoft confía en que este sistema operativo cale entre las empresas: http:// bit.ly/wSL1kK;;#Windows8 #Microsoft
1;0;@SQLChicken the story is I plan to sue microsoft for emotional distress for making me explain what sharting is to my mother;@SQLChicken;
0;0;Nokia's Bet On Microsoft Could Still Yield Payoff - Wall Street Journal http:// bit.ly/w4r2i4;;
0;0;Windows 8 \\\\\"Consumer Preview\\\\\" Bisa Dipakai Gratis: Mengambil momen Mobile World Congress MWC, Microsoft ... http:// bit.ly/zsfzdZ;;
0;0;LOOL!!! Running #Windows8 in VMWare and... BSOD! http:// goo.gl/pefw4 Epic Microsoft .;;#Windows8
0;0;Windows 8 \\\\\"Consumer Preview\\\\\" Bisa Dipakai Gratis: Mengambil momen Mobile World Congress MWC, Microsoft ... http:// bit.ly/zsfzdZ;;
0;0;Windows 8 \\\\\"Consumer Preview\\\\\" Bisa Dipakai Gratis: Mengambil momen Mobile World Congress MWC, Microsoft ... http:// bit.ly/zsfzdZ;;
0;0;Windows 8 \\\\\"Consumer Preview\\\\\" Bisa Dipakai Gratis: Mengambil momen Mobile World Congress MWC, Microsoft ... http:// bit.ly/zsfzdZ;;
0;0;Windows 8 \\\\"Consumer Preview\\\\" Bisa Dipakai Gratis: Mengambil momen Mobile World Congress MWC, Microsoft m... http:// bit.ly/yodwqI;;
0;0;Windows 8 \\\"Consumer Preview\\\" Bisa Dipakai Gratis: Mengambil momen Mobile World Congress MWC, Microsoft mer... http:// bit.ly/yodwqI;;
0;0;Windows 8 \\\"Consumer Preview\\\" Bisa Dipakai Gratis: Mengambil momen Mobile World Congress MWC, Microsoft mer... http:// bit.ly/yodwqI;;
0;0;Windows 8 \\\"Consumer Preview\\\" Bisa Dipakai Gratis: Mengambil momen Mobile World Congress MWC, Microsoft mer... http:// bit.ly/zsfzdZ;;
0;0;Windows 8 \\\"Consumer Preview\\\" Bisa Dipakai Gratis: Mengambil momen Mobile World Congress MWC, Microsoft mer... http:// bit.ly/zsfzdZ;;
0;0;Windows 8 \\\"Consumer Preview\\\" Bisa Dipakai Gratis: Mengambil momen Mobile World Congress MWC, Microsoft mer... http:// bit.ly/yodwqI;;
0;0;Windows 8 \\\"Consumer Preview\\\" Bisa Dipakai Gratis: Mengambil momen Mobile World Congress MWC, Microsoft mer... http:// bit.ly/yodwqI;;
0;0;Upgrade to Windows 8 Consumer Preview from Previous Windows Versions: Microsoft has pushed the public download l... http:// bit.ly/zGSAwp;;
0;0;Microsoft launches ‘reimagined’ Windows http:// technology.inquirer.net/8787/microsoft -launches-reimagined-windows … - here i am STILL using XP :(;;
0;0;Mengambil momen Mobile World Congress MWC, Microsoft merilis versi Consumer Preview dari Windows 8. Dapat diundu... http:// bit.ly/zsfzdZ;;
0;0;Windows 8 \\\"Consumer Preview\\\" Bisa Dipakai Gratis: Mengambil momen Mobile World Congress MWC, Microsoft mer... http:// bit.ly/yodwqI;;
0;0;St. Patrick's Day Parade 3/17/2012 w/attached: xmlns:o = "urn:schemas- microsoft -com:office:office"> See attache... http:// bit.ly/xk0Uak;;
0;0;Windows 8 \\\"Consumer Preview\\\" Bisa Dipakai Gratis: Mengambil momen Mobile World Congress MWC, Microsoft mer... http:// bit.ly/zsfzdZ;;
0;0;Windows 8 \\\"Consumer Preview\\\" Bisa Dipakai Gratis: Mengambil momen Mobile World Congress MWC, Microsoft mer... http:// bit.ly/zsfzdZ;;
0;0;Microsoft on Windows Phone: We’re Exactly Where We Need to Be: http:// urlin.me/7vfg #phone;;#phone
0;0;Microsoft brings future to life at TechForum: A computer monitor and keyboard are so yesteryear. At Microsoft 's ... http:// bit.ly/ysH9lo;;
0;0;SaadRA: Microsoft is taking some emboldened steps toward bundling formerly separate apps and services in Windows... http:// bit.ly/w4xqzl;;
0;0;@JuanRequez RT @Macworld_ven: Microsoft lanza eI consumer preview de Windows 8, de libre acceso #MWC2012 http:// ow.ly/9mGae;@JuanRequez @Macworld_ven;#MWC2012
0;0;Closing Bell: Facebook | Microsoft 's Metro app store | $500B Apple market cap (marketingvox) #emarketing http:// feedzil.la/zPG6Uf;;#emarketing
0;0;Windows 8 \\\"Consumer Preview\\\" Bisa Dipakai Gratis: Mengambil momen Mobile World Congress MWC, Microsoft mer... http:// bit.ly/yodwqI;;
0;0;Windows 8 \\\"Consumer Preview\\\" Bisa Dipakai Gratis: Mengambil momen Mobile World Congress MWC, Microsoft mer... http:// bit.ly/zsfzdZ;;
0;0;Microsoft Flight For Windows Now Available For Download, And Is Absolutely Free! http:// flpbd.it/JfFKL;;
0;0;Microsoft Takes a Leap of Faith With Windows 8 http:// goo.gl/fb/I1jCP;;
0;0;Microsoft unveils Windows 8 for consumer testing http:// bit.ly/xmuFdT;;
0;0;Windows 8 \\\"Consumer Preview\\\" Bisa Dipakai Gratis: Mengambil momen Mobile World Congress MWC, Microsoft mer... http:// bit.ly/zsfzdZ;;
0;0;Windows 8 \\\"Consumer Preview\\\" Bisa Dipakai Gratis: Mengambil momen Mobile World Congress MWC, Microsoft mer... http:// bit.ly/yodwqI;;
0;0;#NJ Today endorses #RonPaul http:// njtoday.net/2012/02/29/end orsement-ron-paul-deserves-gop-nod-for-president/ … #2012GOP #US #NewJersey #Virginia #SuperTuesday #WashingtonState #Seattle #Microsoft #USA;;#NJ #RonPaul #2012GOP #US #NewJersey #Virginia #SuperTuesday #WashingtonState #Seattle #Microsoft #USA
0;0;Windows 8 \\\"Consumer Preview\\\" Bisa Dipakai Gratis: Mengambil momen Mobile World Congress MWC, Microsoft mer... http:// bit.ly/zsfzdZ;;
0;0;Windows 8 \\\"Consumer Preview\\\" Bisa Dipakai Gratis: Mengambil momen Mobile World Congress MWC, Microsoft mer... http:// bit.ly/yodwqI;;
0;0;[DE] Download für jeden möglich: Microsoft stellt Vorabversion von Windows 8 bereit – FOCUS Online http:// bit.ly/yIzYXh;;
0;0;Windows 8 \\"Consumer Preview\\" Bisa Dipakai Gratis: Mengambil momen Mobile World Congress MWC, Microsoft meril... http:// bit.ly/yodwqI;;
0;0;Microsoft 's Azure Cloud Suffers Serious Outage: Microsoft 's Azure cloud infrastructure and development service experienced a serious ...;;
0;0;Microsoft 's Azure Cloud Suffers Serious Outage: Microsoft 's Azure cloud infrastructure and development service experienced a serious ...;;
0;0;[US] Microsoft Releases First Windows 8 Test – BusinessWeek http:// bit.ly/xUhE15;;
0;0;JAJAJA TE AMO RT @andrecj14 : Para @RizzoHasIt RT @Monteavila : Taller de Microsoft Project (Nivel Básico). Más informaci http:// goo.gl/mVhai;@andrecj14 @RizzoHasIt @Monteavila;
0;0;Windows 8 "Consumer Preview" Bisa Dipakai Gratis: Mengambil momen Mobile World Congress MWC, Microsoft merilis v... http:// bit.ly/ArKBhO;;
0;0;Windows 8 Consumer Preview ya se puede descargar http:// ow.ly/9ngmK #Microsoft;;#Microsoft
0;0;Microsoft , Cisco Look Beyond Sunday's Vote: Betting that the Kremlin will foster economic stability after next w... http:// bit.ly/A9LrRU;;
5;2;KELLNER: Yes, your iPad can run Microsoft Windows 7 - Washington Times http:// bit.ly/wc1HAQ #apple;;#apple
0;0;#Business Pogue’s Posts Blog: A First Look at Windows 8 Beta: Microsoft has made a test version of its new... http:// nyti.ms/xKQXC1 #News;;#Business #News
0;0;Meet the Next CEO of Microsoft : Steven Sinofsky Is the Heir Apparent [ Microsoft ] http:// pulse.me/s/6unmW;;
0;0;I liked a @YouTube video http:// youtu.be/SaB4TJYgrP8?a Microsoft Flight - Launch Trailer;@YouTube;
0;0;今まで、VMWareの中のWindowsのアンチウイルスソフトにAvast!を使っていたけど。滅多に起動させないから、立ち上げるたびに長々とデータベースを更新したり、気付くと期限切れ。 なので、 Microsoft のアンチウイルスソフトに乗り換え。もう、これでいい。;;
0;0;@RadekHulan @Microsoft _CZ Souhlasím s Radkem, Metro na tabletu bude super, ale na desktopu je do šílený.;@RadekHulan @Microsoft;
0;0;One Year Later, Nokia And Microsoft Deliver http:// dlvr.it/1GCnHp;;
0;0;How good is #OneNote . #Microsoft;;#OneNote #Microsoft
0;0;Microsoft unveils Windows 8 for consumer testing ( http:// bit.ly/Azk5uI ) http:// bit.ly/Azk5uI;;
0;0;Windows 8 ya se puede descargar, Microsoft presenta su nuevo sistema operativo en el MWC... http:// dlvr.it/1GCnFK - #últimahora #micronews;;# #micronews
1;0;Skype vise 1 milliard d’utilisateurs grâce à Microsoft http://www. maxisciences.com/skype/mwc-2012 -skype-vise-1-milliard-d-utilisateurs-grace-a-microsoft_art22258.html … #MWC2012 #Skype #utilisateurs #VOIP #Microsoft;;#MWC2012 #Skype #utilisateurs #VOIP #Microsoft
0;0;Microsoft unveils Windows 8 in challenge to Apple, Google http://www. cnn.com/2012/02/29/tec h/mobile/microsoft-windows8/index.html … #cnn;;#cnn
0;0;@michaelalynn_ I could have just done that paperwork at my appointment. And I accidentally bought $20 worth of Microsoft points.;@michaelalynn_;
0;0;Microsoft Integration Engineer for General Dynamics Advanced Information Systems (Chantilly, VA) http:// app.ly/wm3oPL #jobs;;#jobs
0;0;Microsoft WIndows 8 Consumer Preview!! http:// youtu.be/Og0BbYErv-s Mahn!! it's amazin!! :) will go4it... :);;
0;0;Microsoft opens doors to Metro app store for Windows 8 http://xn--k3h.co.cc/yLiVnD ☀.co.cc/yLiVnD;;
0;0;Berlin's Microsoft party starts in 12:14 minutes. @The Pullman Hotel Room 746 #microhard #wtfwednesday #spaet1202 @ludoulrich;@The @ludoulrich;#microhard #wtfwednesday #spaet1202
0;0;Microsoft saca de la chistera el Windows 8 en su pugna con Apple y Google http:// dlvr.it/1GCn6t;;
0;0;Microsoft compact framework kick start ebook http:// goo.gl/fb/nVgHi;;
0;0;TechNews Windows 8 available to try: Microsoft is letting consumers try out its upcoming Windows 8 operating sys... http:// bit.ly/yKe2r9;;
0;0;$$ $ CSCO Cisco Systems Sends Lawyers After Microsoft to Damage Skype http:// bit.ly/qJv4Bl;;
4;0;Lo más visto en CNNExpansión: Microsoft abre acceso al Windows 8 http:// exp.mx/n004ZOF;;
0;0;[ITmedia速報] Microsoft 、「Windows 8 Consumer Preview」を一般に向けて公開: 一般ユーザーが初めて触れることになる Microsoft の次期OS… http:// goo.gl/fb/WlzW2;;
0;0;#technews Windows 8 and bundling: What a difference a decade makes: Microsoft is taking some emboldened steps to... http:// tinyurl.com/6vv4jdq;;#technews
0;0;Microsoft Flight Multilenguaje (Español) (PC-GAME) http:// q.gs/y5XU #download;;#download
0;0;Microsoft Flight Multilenguaje (Español) (PC-GAME) http:// bit.ly/yA4U8s;;
0;0;#technews Windows 8 beta (roundup): Microsoft launched its Windows 8 consumer beta and started the countdown to ... http:// tinyurl.com/7mkp32j;;#technews
0;0;Windows 8, el sistema con el que Microsoft quiere recuperar terreno http:// cnn.mx/n000ZMU #CNNMex;;#CNNMex
0;0;Windows 7 PE x86 by Morphius71rus (Русский): Microsoft Windows Preinstallation Environment (WinPE) представляет ... http:// bit.ly/yCxqNo;;
0;0;Microsoft brings future to life at TechForum | Crave - CNET http:// bit.ly/w4qald (via @Heads_Up_News);@Heads_Up_News;
0;0;Meet the Next CEO of Microsoft http:// gizmo.do/yvrvOB;;
1;0;Microsoft apresenta beta do Windows 8 em Barcelona. http:// bit.ly/zSVqvx;;
0;0;Webcam Microsoft Lifecam de $1,499 por sólo $5.20 pesos!! Felicidades chema por ganar la subasta y ahorrar el... http:// fb.me/1laE4z2Xi;;
0;0;Microsoft Windows 7 Parandco (2010) http:// bit.ly/yM4DbD;;
0;0;Tecki ™: Microsoft disponibiliza versão para testes do Windows 8 ao público http:// fb.me/Pdz8Z8qS;;
0;0;速報： Microsoft 、Windows 8のコンシューマ・プレビュー版を一般公開 http:// jp.techcrunch.com/archives/20120 229microsoft-releases-windows-8-consumer-preview/ …;;
0;0;Para @RizzoHasIt RT @Monteavila : Taller de Microsoft Project (Nivel Básico). Más información http:// goo.gl/mVhai;@RizzoHasIt @Monteavila;
0;0;Microsoft 's (MSFT) consumer preview of Windows 8 is receiving positive ink. Kevin C. Tofel thinks the... http:// seekingalpha.com/n/3t2h;;
0;0;#Microsoft estrena #Windows8 http:// ow.ly/9n2dY #Desarrollos;;#Microsoft #Windows8 #Desarrollos
0;0;#Microsoft estrena #Windows8 http:// ow.ly/9n2dl #Desarrollos;;#Microsoft #Windows8 #Desarrollos
0;0;Microsoft takes a leap of faith with Windows 8 http:// fb.me/16Szc5gYL;;
0;0;Microsoft Debuts Windows 8 Test - Wall Street Journal http:// go.evri.com/6jwg #microsoft;;#microsoft
0;0;Microsoft lanza eI consumer preview de Windows 8, de libre acceso #MWC2012 http:// ow.ly/9mGae;;#MWC2012
0;0;Microsoft reveals Windows 8 Consumer Preview http:// dlvr.it/1GCmr6;;
0;0;hey @Microsoft @Windows , i'll rephrase: i found the iso link underneath the setup wizard download button, i was a little excited before;@Microsoft @Windows;
0;0;Microsoft unveils Windows 8: http:// bit.ly/y93k9K;;
0;0;E por falar em Win8, alguém aí sabe quando a Microsoft lança a versão final? Alguma previsão?;;
0;0;Microsoft libera una versi%C3%B3n de prueba del nuevo Windows 8 - EcoDiario.es http%3A%2F%2Fbit.ly%2FzgVsoE;;
0;0;Microsoft a dévoilé Windows 8 http:// technaute.cyberpresse.ca/nouvelles/logi ciels/201202/29/01-4501010-microsoft-a-devoile-windows-8.php … via @technaute;@technaute;
0;0;http:// cvdcv.legkovye-avtomobili-vaz.ru/microsoft-offi ce-2003-skachat-crack.html … microsoft office 2003 скачать crack;;
0;0;RT @thefoxisblack : "It is an 86-inch PC with a pen." - @Verge on Microsoft 's totally weird "Consumer Preview" event: http:// live.theverge.com/Event/Microsof ts_Windows_8_Consumer_Preview_event_at_MWC_2012 …;@thefoxisblack @Verge;
1;0;1010 Asistentes en la primer sesion del diplomado de Cloud de #Microsoft impartido por @el_rubens !!! Exito total!!;@el_rubens;#Microsoft
0;0;Microsoft $ MSFT releases Windows 8 consumer beta test; its answer to Apple $ AAPL , Google $ GOOG tablet-mobile juggernaut http:// ow.ly/9ngfi;;
0;0;Wow. Now @bleroy is leaving Microsoft , too.;@bleroy;
0;0;Microsoft ofrece desde hoy, en pruebas, su revolucionario Windows 8 - Yahoo! http:// es.noticias.yahoo.com/microsoft-ofre ce-pruebas-revolucionario-windows-8-173429346.html … vía @YahooActualidad;@YahooActualidad;
0;0;Windows 8. Microsoft has massive amounts of risk in significant change and irrelevance if they don't. Good luck.;;
0;0;きたきた。次回の東京ホリデーにでもインストールしてみよ。／ Microsoft 、「Windows 8 Consumer Preview」を一般に向けて公開 - ITmedia ニュース http://www. itmedia.co.jp/news/articles/ 1203/01/news029.html …;;
0;0;Microsoft unifica tablet e PC com design Metro para Windows 8: http:// bit.ly/zcN1nB;;
0;0;[TechNet Blogs] Microsoft Online Demo Solutions–Updated with System Center 2012 and SQL Server 2012 content:   ... http:// bit.ly/yoOui2;;
0;0;win 8 beta diye milleti kandırma @microsoft baya bildiğin win 7 nin metro arayüzlüsü bu.;@microsoft;
0;0;Azure, le cloud de Microsoft , en panne http://www. presence-pc.com/actualite/clou d-Azure-Microsoft-46860/#xtor=RSS-980 …;;#xtor
0;0;Microsoft sues Motorola Mobility, claims FRAND abuse http:// cnet.co/zsC0DY;;
0;0;Microsoft unveils Windows 8 for consumer testing (AP) http:// yhoo.it/yc25FN;;
0;0;Meet the Next CEO of Microsoft : Steven Sinofsky Is the Heir Apparent [ Microsoft ] http:// gizmo.do/xWGUMI;;
0;0;Join the conversation with @NET4UC , @Microsoft , @DellServices , @Plantonics and @Forrester ... http:// lnkd.in/xg5MzS;@NET4UC @Microsoft @DellServices @Plantonics @Forrester;
5;0;#NOVIDADE : Microsoft apresenta versão de teste do Windows 8 para o público. http:// urele.com/lcAA;;#NOVIDADE
0;0;I'm at Microsoft NZ (22 Viaduct Harbour Dr, Viaduct) http:// 4sq.com/znRiUL;;
0;0;#OrchardCMS committee member, @bleroy , is leaving @Microsoft to pursue his own business. Good luck Bertrand!;@bleroy @Microsoft;#OrchardCMS
0;0;Why Windows 8 is Microsoft 's most vital launch in years http:// lnkd.in/2Ef4eJ;;
0;0;Interesting article on Steve Sinofsky as postentially next CEO of Microsoft http://www. businessinsider.com/meet-the-next- ceo-of-microsoft-steven-sinofsky-is-the-heir-apparent-2012-2 …;;
0;0;#Microsoft #Windows 8 + #xbox360 : confira: http:// questgamer.felore.com/2012/02/integr acao-do-windows-8-com-xbox.html …;;#Microsoft #Windows #xbox360
0;0;RT @mgualtieri : Microsoft 's Azure Cloud Suffers Outage http:// soc.li/kcJRV6D > glad they have a live dashboard > mandatory 4 Cloud providers.;@mgualtieri;
0;0;I failed in exams but my friend passed in all. Now he's an engineer in Microsoft and I am the owner of Microsoft -Bill Gates;;
0;0;B004X8SKGG --- Microsoft /マイクロソフト　DSP版 Windows 7 Professional SP1 64bit + USBカード バンドルセット http://www. displayport.biz/asin/B004X8SKGG;;
0;0;Hoy en fotos: Microsoft presentó El nuevo Windows 8 Vista previa durante Mobile World Congress en Barcelona, Esp... http:// bit.ly/AbBOUD;;
0;0;Hoy en fotos: Microsoft presentó El nuevo Windows 8 Vista previa durante Mobile World Congress en Barcelona, Esp... http:// bit.ly/zT951M;;
0;0;Hoy en fotos: Microsoft presentó El nuevo Windows 8 Vista previa durante Mobile World Congress en Barcelona, Esp... http:// bit.ly/zT951M;;
0;0;Hoy en fotos: Microsoft presentó El nuevo Windows 8 Vista previa durante Mobile World Congress en Barcelona, Esp... http:// bit.ly/AbBOUD;;
0;0;Hoy en fotos: Microsoft presentó El nuevo Windows 8 Vista previa durante Mobile World Congress en Barcelona, Esp... http:// bit.ly/AbBOUD;;
0;0;Hoy en fotos: Microsoft presentó El nuevo Windows 8 Vista previa durante Mobile World Congress en Barcelona, Esp... http:// bit.ly/warY1j;;
0;0;BetN> Don't forget Visual Studio 11 and .NET Framework 4.5 betas!: Microsoft has released betas of its various V... http:// bit.ly/ynjt0r;;
1;0;Windows 8 Consumer Preview: a fresh start for Microsoft : With today’s release of the Windows 8 Consumer Preview,... http:// zd.net/zdTsPd;;
0;0;O novo Notebook aqui de casa naum tem microsoft World, VOU TER QUE PEGAR O DA MINHA IRMÃ PARA FAZER O TRABALHO, E ELA TA NO BANHO;;
0;0;Vlieg mee met Microsoft Flight http:// bit.ly/Ak9flN;;
0;0;RT@/Pearljcu2012Microsoft Xbox 360 S4G-00001 4GB Console w/ Bundle: Microsoft Xbox360 4GB Console w/ Kinect & Bose HT http:// amzn.to/v0cea0;@;
0;0;Microsoft unveils Windows 8 for consumer testing, shows off new operating ...: BARCELONA, Spain - Microsoft on W... http:// bit.ly/wEKvBb;;
1;0;This is the real use for Microsoft Excel http:// 9gag.com/gag/3001546 vía @9GAG;@9GAG;
0;0;[Internet] Microsoft Windows 8 Consumer Preview http:// 30m.in/1GCmQR;;
0;0;@Microsoft unveils @Windows 8 for consumer testing - Newsday : http:// tinyurl.com/6w73ulv;@Microsoft @Windows;
0;0;Microsoft unveils Windows 8 - http:// USATODAY.com Microsoft unveils Windows 8 : http:// usat.ly/zFC5KV;;
0;0;#Microsoft #News : " Microsoft has made available a preview version of its latest Windows software - CNN" http:// bit.ly/xHqVK1;;#Microsoft #News
0;0;Windows Live가 아닌 Microsoft Account군요... 굿바이 라이브;;
0;0;#Microsoft #News : "Download of the Week: Microsoft Flight - TechSpot" http:// bit.ly/AdiBoU;;#Microsoft #News
0;0;Watch " Microsoft Flight - Launch Trailer" on YouTube http:// bit.ly/wnqa1r;;
0;0;Hands on with windows 8 http:// tinyurl.com/6ofvqyr #Microsoft;;#Microsoft
0;0;Siri or not, Microsoft aims to beat Apple with better breadth http:// goo.gl/fb/XKawu [ @geekwire ];@geekwire;
0;0;Microsoft Project Administrator: TX-Spring, MS Project Admin Must be 100% proficient with MS Project to do sched... http:// bit.ly/ylUOYH;;
0;0;Microsoft unveils Windows 8 in challenge to Apple, Google - http:// frommobile.cnn.com/8fnHWg;;
0;0;Sony, Microsoft Battle Hackers Over Right to 'Jailbreak' Video Game Systems: A new push by amateur hackers and d... http:// bit.ly/xpkCfl;;
0;0;Windows 8 preview: Now it's the consumers' turn: Microsoft released a consumer preview of its next operating sys... http:// bit.ly/xdmLgf;;
0;0;I'm at Microsoft El Salvador (89 Av. Norte y Calle El Mirador, World Trade Center, San Salvador) http:// 4sq.com/y87vaM;;
0;0;@_youlovenai well google " microsoft word free trial ";@_youlovenai;
0;0;@maryjofoley you forgot to factor in the more recent EU's complaints against Microsoft /cc: @TheRomit;@maryjofoley @TheRomit;
0;0;“ @mashable Breaking: Microsoft Launches Windows 8 Consumer Preview - http:// on.mash.to/wn7cwg ”;@mashable;
0;0;Join the conversation with @NET4UC, @Microsoft , @DellServices, @Plantonics ... http:// lnkd.in/xg5MzS;@NET4UC @Microsoft @DellServices @Plantonics;
0;0;Good old Microsoft . Already updates for Windows 8 pic.twitter.com/5txCJqN9;;
0;0;Microsoft ofrece desde hoy, en pruebas, su revolucionario Windows 8 http:// pulse.me/s/6u2AL;;
0;0;Microsoft kündigt Xbox 360-Familien-Bundle an http:// bit.ly/x6FRZa;;
0;0;Windows 8: Confira as novidades apresentadas pela Microsoft - Notícias - TechTudo http://www. techtudo.com.br/noticias/notic ia/2012/02/windows-8-confira-todas-novidades-apresentadas-pela-microsoft.html … via @techtudo;@techtudo;
0;0;Will try & have a taste of this.. - Welcome to the post-post-PC era: A review of Microsoft 's Windows 8 Consumer Preview http:// bgr.co/ziRrhd;;
0;0;Microsoft Looking Into Integrating Kinect In Upcoming Windows PCs [REPORT] http:// goo.gl/TI4L4 iphone 4s jailbreak Absinthe CLI _80;;
0;0;Microsoft 、「Windows 8 Consumer Preview」を一般に向けて公開 http:// bit.ly/y24HUO;;
0;0;Shocking news #mvp12 : @bleroy is leaving Microsoft for working full time in his HW company.. sad to hear that, but happy for him. Good luck!;@bleroy;#mvp12
0;0;http:// oxcart.softdoc.info/os-i-servernye -programmy-microsoft.html … ОС и серверные программы Microsoft;;
0;0;#Technology #News - TweetClean Bridges Microsoft Silverlight and Facebook Canvas Applications - http:// goo.gl/Zwpsh;;#Technology #News
0;0;Leap-Day Bug Fingered in Microsoft Azure Cloud Outage http:// bit.ly/y34Oa9;;
0;0;Check out the latest offerings from Microsoft with Windows 8 Preview at 365. If your interested in trying out... http:// fb.me/1zq3kBhiR;;
0;0;Cisco Systems Sends Lawyers After Microsoft to Damage Skype http:// wll.st/zzEFIZ $ CSCO $ MSFT $ PLCM $ CTXS $ AAPL $ GOOG;;
0;0;Meet the Next CEO of Microsoft : Steven Sinofsky Is the Heir Apparent [ Microsoft ]: http:// gizmo.do/zAIJss http:// goo.gl/4YrK;;
0;0;Meet the Next CEO of Microsoft : Steven Sinofsky Is the Heir Apparent [ Microsoft ]: http:// gizmo.do/zAIJss http:// bit.ly/4zfDyS;;
0;0;CHEAP! Microsoft Wireless Optical Desktop 1000 – Keyboard & Mouse http:// mtny.mobi/4wxT;;
0;0;Microsoft Windows XP SP3 Corporate Student Edition February 2011 http:// bit.ly/wZtvoY;;
0;0;Senior Solution Manager Job - Microsoft - Redmond, WA http:// bit.ly/yFGMXG #SeattleCRMJobs #CRMWork;;#SeattleCRMJobs #CRMWork
0;0;What Happened to the Start Menu in Windows 8?: What Happened to the Start Menu in Windows 8? Microsoft unveiled t... http:// bit.ly/ABtKdK;;
0;0;@engadget apparently the Microsoft apps in win8 CP aren't available in the UK but they are in france ... zut alors! http:// bit.ly/xlAm3p;@engadget;
0;0;Bendito Microsoft que nos regala estos momentos graciosos. BSOD de Windows 8 en una máquina virtual: http:// twitpic.com/8qd3ny;;
0;0;このためだけにパソコンを新調したくなる - Microsoft Flight公開 http:// ow.ly/9ng7O;;
0;0;"1 of the reasons we decided to go w/ @microsoft was because they had FISMA cert & the data center is more secure than anything I can build";@microsoft;
0;0;#DotNetSlackers News: Test Drive Microsoft `s Fix It Center Pro http:// is.gd/iZT83c #Mobile;;#DotNetSlackers #Mobile
0;0;Windows 8 and bundling: What a difference a decade makes: Microsoft is taking some emboldened steps ... http:// zd.net/AcsISa #Technology;;#Technology
0;0;暇だからといって、 Microsoft Flightを落としてるけどこれも暇;;
0;0;Nokia's Bet On Microsoft Could Still Yield Payoff - Wall Street Journal http:// goo.gl/fb/zLe86;;
0;0;Nokia's Bet On Microsoft Could Still Yield Payoff - Wall Street Journal: The GuardianNokia's Bet On Microsoft Co... http:// bit.ly/w4r2i4;;
0;0;Microsoft Takes a Leap of Faith With Windows 8;;
0;0;Leap Day Bug Fingered in Microsoft Azure Cloud Outage http:// eqent.me/x0PUcI;;
0;0;AAPL : sur les traces de Microsoft : L'annonce d'un special event le 7 mars profite à l'action Apple, qui a fini ... http:// bit.ly/zAC7mx;;
0;0;Microsoft and Toyota Announced a Collaboration http:// tinyurl.com/84sx6rp;;
0;0;Hiring a NEED:Network Engineer ( Microsoft centric) at CBS (Seattle, WA) http:// bit.ly/AxTU8c #jobs #shjobs;;#jobs #shjobs
0;0;道案内もする「スマートなショッピングカート」 （WIRED.jp）（ニュース）:　米国で実地試験されている『Smarter Cart』は、 Microsoft 社の『Kinect』を搭載、客を先導して探している商品のところまで案内し、... http:// nkbp.jp/zoRvGD;;
0;0;Qualcomm chip to power Windows 8 ARM developer PCs: Qualcomm has announced that it has teamed up with Microsoft ... http:// bit.ly/yafwMY;;
0;0;Tip: Safe Mode hotkey changed in Windows 8 CP: Why Microsoft has done this is anyone's guess, but for the Window... http:// bit.ly/ylau4m;;
0;0;ITmedia: Microsoft 、「Windows 8 Consumer Preview」を一般に向けて公開 http:// bit.ly/xKhSNp;;
0;0;Microsoft libera Windows 8 beta. Alguém é maluco o suficiente pra usar um sistema BETA onde os stables já são cheios de bug?;;
0;0;Microsoft unveils Windows 8 for consumer testing: Windows 8 doesn't have the traditional "Start" menu, and appli... http:// bit.ly/zo4H08;;
0;0;Microsoft unveils Windows 8 for consumer testing http:// dlvr.it/1GClNB;;
0;0;@Microsoft @windows #fail #windows8 pic.twitter.com/NNoAh9tJ;@Microsoft @windows;#fail #windows8
0;0;Microsoft unveils Windows 8 for consumer testing, shows off new operating ... http:// bit.ly/xcGOW1;;
3;0;Windows 8 Consumer Preview - Een eerste indruk: De Microsoft Windows 8 Consumer Preview is gisteren beschikbaar ... http:// bit.ly/wJxn2W;;
0;0;Microsoft 、「Windows 8 Consumer Preview」を一般に向けて公開 - ITmedia ニュース http://www. itmedia.co.jp/news/articles/ 1203/01/news029.html …;;
0;0;#5: Microsoft Windows 7 Professional, SP1, 32-bit, 1pk, DSP, OEM, DVD, ITA http:// goo.gl/fb/I4vZP;;#5
0;0;Turnaround Artist: Microsoft Earns Security Respect http:// bit.ly/xIWmdG;;
0;0;Turnaround Artist: Microsoft Earns Security Respect http:// bit.ly/ABn1tt;;
0;0;Turnaround Artist: Microsoft Earns Security Respect http:// bit.ly/wtIeY8;;
0;0;#4: HP Microsoft ® Windows® Operating System Kit opzioni rivenditore SW Microsoft Windows… http:// goo.gl/fb/R4gmN;;#4
0;0;Turnaround Artist: Microsoft Earns Security Respect http:// bit.ly/yKOhua;;
0;0;Turnaround Artist: Microsoft Earns Security Respect: Microsoft had been delinquent in assuring the security of i... http:// bit.ly/x0y7bb;;
0;0;[Stay up to date with all the new things microsoft has to offer] @BingRewards #100kCredits #spon http:// binged.it/wVSFs5;@BingRewards;#100kCredits #spon
0;0;Turnaround Artist: Microsoft Earns Security Respect http:// bit.ly/ADIvxz;;
0;0;VIRUSSCAN 4.5 FOR MICROSOFT WINDOWS;;
0;0;I just bought: 'Xbox 360 4GB Console' by Microsoft via @amazon http://www. amazon.com/dp/B003O6JKLC/ ref=cm_sw_r_tw_asp_3WfHD.1C2YJQT …;@amazon;
0;0;Microsoft Could Be Testing Windows Phone 8 on Sprint: According to The Verge, Microsoft is currently testing the... http:// bit.ly/yBFu0B;;
0;0;Time to download the new Windows 8 preview: http:// windows.microsoft.com/en-US/windows- 8/iso … #Microsoft;;#Microsoft
0;0;http:// ossify.softdoc.info/pedagogika/mic rosoft-activesync-windows-skachat.html … microsoft activesync windows скачать;;
0;0;INTERACTIVE: Compare the market value of Apple with Exxon, Microsoft and other major companies: http:// apne.ws/xmjzcM -CC --;;
0;0;Microsoft apresenta ao público versão de teste do Windows 8: A Microsoft disponibiliza aos usuários a parti... http:// bit.ly/wwzgDj;;
0;0;How sad. @bleroy is leaving Microsoft ...;@bleroy;
1;0;Leap Day Bug Fingered in Microsoft Azure Cloud Outage http:// zite.to/wE8Qlt via @zite;@zite;
0;0;なんでWin7ProにせずにUlt買っちゃったのって理由はまあ高専の「格安で Microsoft のソフトウェアのライセンスが得られる」制度の制限のためなんですわ http:// twitpic.com/8qd35c {krile/w7};;
0;0;Meet the Next CEO of Microsoft : Steven Sinofsky Is the Heir Apparent [ Microsoft ] http:// goo.gl/fb/BXxOv;;
0;0;Mi vida Microsoft , lanza un Free-to-play que necesita 10gb de disco duro.;;
0;0;tava vendo os novos recursos do Windows 8 parece ser bem interessante a Microsoft cada vez mais se superando.;;
0;0;As a flight simulation enthusiast let me tell you that Microsoft Flight is a f*cking dumbed down piece of garbage. Pathetic.;;
0;0;Rocket City Computer Microsoft Takes a Leap of Faith With Windows 8: In time for leap day, ... http:// bit.ly/zshHhq http:// bit.ly/aY1NdP;;
0;0;Microsoft : Windows XP Mode foi... http:// portalpg.com/microsoft-wind ows-xp-mode-foi-finalizado-e-vai-ser-lancado-dia-22-de-outubro-de-2009/ …;;
0;0;Nieuws - Microsoft onthult Crimson Dragon: http://www. powerplay.be/shorturl/f81ef;;
0;0;Windows 8 consumer preview vrijgegeven Microsoft heeft vanmiddag de Windows 8 Consumer Preview beschikbaar gemaakt voo http:// goo.gl/dvma3;;
0;0;Algunos de los servicios #Microsoft en la nube son Xbox Live, Windows Live, Hotmail y Bing #Cloud #Technet;;#Microsoft #Cloud #Technet
0;0;Latest News - Microsoft unveils Windows 8... #news http:// bit.ly/AmgJPX;;#news
0;0;Microsoft lança versão de teste do Windows 8: http:// migre.me/86TGV / jaja volto xD;;
0;0;Meet the Next CEO of Microsoft : Steven Sinofsky Is the Heir Apparent [ Microsoft ] http:// gizmo.do/zAIJss;;
0;0;2.- Metro se ve increíble (para mi gusto). Moderno, suave, fresco, un rotundo #Win para Microsoft . #fb;;#Win #fb
0;0;Meet the Next CEO of Microsoft : Steven Sinofsky Is the Heir Apparent http://www. businessinsider.com/meet-the-next- ceo-of-microsoft-steven-sinofsky-is-the-heir-apparent-2012-2?op … via @feedly;@feedly;
0;0;Meet the Next CEO of Microsoft : Steven Sinofsky Is the Heir Apparent [ Microsoft ] http:// tinyurl.com/828a6o8;;
0;0;sam_molinas Comp 129; Microsoft word;;
0;0;RT @AP : INTERACTIVE: Compare the market value of Apple with Exxon, Microsoft and other major companies: http:// apne.ws/xmjzcM -CC;@AP;
0;1;Windows 8 and bundling: What a difference a decade makes: Microsoft is taking some emboldened steps toward bundl... http:// zd.net/AcsISa;;
0;0;Meet the Next CEO of #Microsoft : Steven Sinofsky Is the Heir Apparent [ Microsoft ] http:// pulse.me/s/6unmW;;#Microsoft
0;0;Windows 8 and bundling: What a difference a decade makes: Microsoft is taking some emboldened steps toward bundl... http:// zd.net/AcsISa;;
0;0;速報： Microsoft 、Windows 8のコンシューマ・プレビュー版を一般公開 http:// jp.techcrunch.com/archives/20120 229microsoft-releases-windows-8-consumer-preview/ …;;
0;0;#computer #news Meet the Next CEO of Microsoft : Steven Sinofsky Is the Heir Apparent… http:// goo.gl/fb/4cMWs;;#computer #news
10;2;Pokud mohu jeden námět pro @Microsoft _CZ - vraťte do Win 8 na desktopu Start Menu a udělejte Metro volitelné. Prostě úplně jako Win 7...;@Microsoft;
0;0;Microsoft releases first Windows 8 test to compete with iPad http:// natpo.st/zlCqXP via @addthis;@addthis;
0;0;Looking for an Enterprise BDM's x 2 – Microsoft Lync 2010/Cisco UCS in Sydney, NSW Australia http:// bull.hn/l/EL1Z/ #job;;#job
0;0;How to Create and Publish a Web Database in Microsoft Access Tutorial http://www. softwarenewsdaily.com/2012/02/how-to -create-and-publish-a-web-database-in-microsoft-access-tutorial … #access #tutorial;;#access #tutorial
0;0;Nokia's Bet On Microsoft Could Still Yield Payoff - Wall Street Journal: CBC.caNokia's Bet On Micros... http:// brk.bz/wNKnel #Nokia #BRK;;#Nokia #BRK
0;0;“ @buckleyplanet : salmon tubes” -> The new Microsoft code name for Internet 3 :-D;@buckleyplanet;
0;0;http:// yhoo.it/Akskez EntropySoft Exchange and SharePoint Connectors Now Compatible With Microsoft Office 365 Cloud-Offering;;
0;0;Microsoft 、「Windows 8 Consumer Preview」を一般に向けて公開 - ITmedia ニュース http://www. itmedia.co.jp/news/articles/ 1203/01/news029.html …;;
0;0;Windows 8 Consumer Preview Available as a Free Download: Microsoft released Windows 8 Consumer Preview today, a ... http:// bit.ly/AtigDu;;
0;0;Microsoft Windows 8 on 82-Inch Touchscreen Hands-On: We don’t have 100 hands and fingers — in theory the reinfor... http:// bit.ly/w6dokD;;
0;0;@draginol Windows 8 looks like total shit. I don't know what Microsoft is thinking.;@draginol;
0;0;I got my Xbox LIVE 4200 Microsoft Points (Xbox 360) for FREE at http:// points2shop.com ! http:// soc.li/Umis7GQ;;
0;0;#billgates Microsoft Outlines Evolved Security, Privacy and Reliability Strategies for Cloud and Big Data (Radon... http:// bit.ly/AiZ2hd;;#billgates
0;0;Microsoft on Windows Phone: We’re Exactly Where We Need to Be http:// dlvr.it/1GCkqN;;
0;0;Microsoft - Windows Consumer Preview on 1 Fav Source+44 others like Engadget-Qualcomm, Microsoft giving Snapdrag... http:// bit.ly/yMGw31;;
0;0;Qualcomm, Microsoft giving Snapdragon S4 PCs to Windows-on-ARM developers (update: NVIDIA handing out Tegra 3 PCs, http:// p.ost.im/p/exEyhK;;
0;0;VIRUSSCAN 4.5 FOR MICROSOFT WINDOWS;;
0;0;@ZuneSupport Ha, ok. " Microsoft does not comment on rumors and speculation." ;) ^KM;@ZuneSupport;
0;0;Microsoft offers touch guidance to Windows 8 Metro-app developers http:// bit.ly/zqCyuU;;
0;0;Meet the Next CEO of Microsoft : Steven Sinofsky Is the Heir Apparent [ Microsoft ]: ... http:// bit.ly/z5vl9T;;
0;0;Microsoft lanza una versión de prueba de Windows 8: Renueva completamente la interfaz del sistema operativo. http:// bit.ly/yIHWID;;
0;0;Microsoft Flight ya está disponible gratuitamente: El heredero free-to-play de Flight Simulator ya se puede descargar. http:// bit.ly/xz3bFQ;;
0;0;Emprego - Estágio - Cloud Computing Job - Microsoft - São Paulo, SP - http:// tinyurl.com/6so7jfv;;
0;0;Free Download How To Get Aimbot Cod4 Xbox 360 Aimbot Cod4 Xbox - microsoft software xbox 360 accessories http:// bit.ly/yacjcD;;
0;0;Emprego - Estágio - Finanças Job - Microsoft - São Paulo, SP - http:// tinyurl.com/6svaxh6;;
0;0;Emprego - Enterprise Architect Job - Microsoft - São Paulo, SP - http:// tinyurl.com/7hqqdbu;;
0;0;#Apple le ha quitado mucho terreno a #Microsoft en los últimos 2 años.;;#Apple #Microsoft
0;0;FSはなんだかんだでやったことないから無料の範囲で手を出してみようかな　米 Microsoft 、FSシリーズ最新作「 Microsoft Flight」のサービスを開始 http:// game.watch.impress.co.jp/docs/news/2012 0229_515522.html …;;
1;0;RT @MSFTnews Microsoft #Flight PC game takes virtual pilots to the skies of Hawaii, available for free at http:// bit.ly/yyt06c;@MSFTnews;#Flight
0;0;Con el Microsoft Flight te pegas alto vuelo *badatumps* (?);;
0;0;Windows 8 Consumer Preview (Public Beta) Frequently Asked Questions (FAQ): Microsoft has released free Consumer ... http:// bit.ly/yBJZeV;;
0;0;BBC News - Windows 8: Microsoft unveils consumer preview http:// bbc.in/zL1aQ1;;
0;0;Sony, Microsoft Battle Hackers Over Right to 'Jailbreak' Video Game Systems: Another high-tech and high-s... http:// bit.ly/zKuDaQ #Japan;;#Japan
1;0;Microsoft 's Azure Cloud Suffers Serious Outage http:// soc.li/kcJRV6D > glad they have a live dashboard to inform customers;;
0;0;I'm at Microsoft Tampa (5426 Bay Center Drive, Tampa) w/ 3 others http:// 4sq.com/ywB7oT;;
0;0;Download Microsoft Windows 8 Consumer preview x32 and x64 iso image if u can't download directly download it here : http:// mahmood1.com/Windows8.php;;
0;0;- VirusScan 4.5 for Microsoft Windows 95,;;
0;0;http:// oxeye.softdoc.info/inostrannye-ya zyki-dlya-detey/skachat-microsoft-ofis-2010-torrent.html … скачать microsoft офис 2010 торрент;;
0;0;Netshield 4.0.3 for Microsoft Windows NT;;
0;0;Microsoft Announces Availability of Windows 8 Consumer Preview http:// bit.ly/zOW96f;;
1;0;#Puebla Microsoft presenta Windows 8: En el Congreso Mundial del Móvil de Barcelona http:// q.gs/y5SN;;#Puebla
0;0;Microsoft opens Windows 8 for public testing http:// bullshouse.com/reuters_news.p hp?id=54151 …;;
0;0;Microsoft Blew One Of Its Big Chances To Get Windows Tablets In Businesses: [Business Insider] - Many tablets ru... http:// adf.ly/5t5Ch;;
0;0;Microsoft Blew One Of Its Big Chances To Get Windows Tablets In Businesses: [Business Insider] - Many tablets ru... http:// adf.ly/5t5Ch;;
0;0;http:// tinyurl.com/82oct3k/Rhz9xn ja3l … @Microsoft_Gov;@Microsoft_Gov;
0;1;Meet the Next CEO of Microsoft : Steven Sinofsky Is the Heir Apparent [ Microsoft ] - http:// bit.ly/wssh1L;;
0;0;#Microsoft , #Cisco Look Beyond Sunday's Vote - The Moscow Times (via #Google News): The Moscow TimesMicrosoft, ... http:// j.mp/xS6Qj5;;#Microsoft #Cisco #Google
0;0;With Windows 8, Microsoft Learns From the Mobile Revolution http:// goo.gl/11UIO;;
0;0;RT @adan_ruiz : Microsoft Flight ya está disponible gratuitamente http://www. vandal.net/noticia/65745/ microsoft-flight-ya-esta-disponible-gratuitamente/ …;@adan_ruiz;
0;0;Video: Microsoft IllumiShare Lets You Play Remotely With Physical Objects http:// bit.ly/ArRzVR;;
0;0;Downloading #Microsoft #Flight . http:// bit.ly/9SgAsA;;#Microsoft #Flight
0;0;MWC: Microsoft libera primeira versão de testes do Windows 8 - Tecnologia - iG http:// tecnologia.ig.com.br/mwc-microsoft- libera-primeira-versao-de-testes-do-windows-8/n1597657343297.html …;;
0;0;#Windows8 RT @gamerz : Microsoft Windows 8 Consumer Preview - http:// lc.sg/1im;@gamerz;#Windows8
0;0;Microsoft unveils Windows 8 for public test http:// tinyurl.com/88os6bd;;
0;0;Windows 8 Consumer Preview (and System Requirements): As promissed, Microsoft , has brought us… http:// goo.gl/fb/SqKok;;
0;0;Turnaround Artist: Microsoft Earns Security Respect: Microsoft had been delinquent in assuring the security of i... http:// bit.ly/yzuSfD;;
0;0;I see Microsoft still biting Apple. This os isn't that bad though;;
0;0;$$ $ MSFT [$$] FTC Attorney to Join Microsoft http:// bit.ly/qJv4Bl;;
1;0;ainda estou com a ideia de um dia a Microsoft inventar um Ctrl+c1 Ctrl+c2 Ctrl+c3, acho que seria muito util Hm;;
0;0;Meet the Next CEO of Microsoft : Steven Sinofsky Is the Heir Apparent [ Microsoft ]: #microsoft It was summer 2009… http:// goo.gl/fb/Q2xSx;;#microsoft
0;0;@CDemerjian I think Microsoft is now forcing device makers to adopt exFAT, which will do files longer than 4GB;@CDemerjian;
0;0;anotando tudo no microsoft office kkkkkkk... @RubiaValeria;@RubiaValeria;
0;0;"When you say the internet is down, obviously the internet is a very big place." Now access can always be found w/the #cloud . #USPSCIO;;#cloud #USPSCIO
0;0;RT @VentureBeat : Microsoft 's Azure cloud down for more 1/2 day > Quando crash il mio PC lo so solo io. Quello è no! :) http:// wp.me/p1re2-1FgF;@VentureBeat;
0;0;MicroSoft released a Windows 8 Consumer Preview. Try it - http:// windows.microsoft.com/en-US/windows- 8/consumer-preview …;;
0;0;$$ $ GOOG [$$] FTC Attorney to Join Microsoft http:// bit.ly/qJv4Bl;;
0;0;Microsoft Windows 8 Consumer Preview - http:// lc.sg/1im;;
0;0;http:// Microsoft.com o.ORT @_youlovenai: whats a website that i can download microsoft word?;@_youlovenai;
0;0;Microsoft presenters are using a Metro-inspired PowerPoint template that's very hard to read… #MVP12;;#MVP12
0;0;@Microsoft releases incomplete @Windows 8 for public probing - @SMH_news : http:// tinyurl.com/7my7tgg;@Microsoft @Windows @SMH_news;
0;0;Microsoft Office Access 2003 Professional Results 8211 Noel Jerke download, read, buy online http:// goo.gl/qMDMW;;
0;1;Meet the Next CEO of Microsoft http:// j.mp/wK25eV;;
0;0;Olhar Digital: Microsoft lança versão preview do Windows 8. Faça o download gratuito e experimente! http:// fb.me/Q9MeP8CR;;
0;0;Olhar Digital: Navegue pelo Windows com o Desktop 3D da Microsoft http:// olhardigital.uol.com.br/produtos/digit al_news/noticias/navegue-pelo-windows-com-o-desktop-3d-da-microsoft …;;
0;0;Microsoft demands EU competition action on Motorola patent fight - Globe and Mail http:// bit.ly/xeGeZu;;
0;0;@Nicholololas Synes f.eks. den nye kopiere-/flyttedialogen tyder på litt mer reflekterte endringer rundt brukeropplevelsen hos Microsoft .;@Nicholololas;
0;0;I'm at Microsoft Bldg 34 (3720 159th Ave NE, at NE 36th St, Redmond) w/ 3 others http:// 4sq.com/xhmnMy;;
0;0;XBox Live Game der Woche: Toy Soldiers Boot Camp – http:// wparea.de/2012/03/xbox-l ive-game-der-woche-toy-soldiers-boot-camp/ … #xboxlive #microsoft #windowsphone #toysoldiers;;#xboxlive #microsoft #windowsphone #toysoldiers
0;0;Microsoft Windows Server 2008: A Beginner8217s Guide (Network Professional8217s Library) 8211 Marty Matthews downlo.. RATE_LIMIT_EXCEEDED;;
0;0;Service Maintenance: Microsoft Exchange: http:// bit.ly/AjVAeA;;
0;0;Microsoft has made available a preview version of its latest Windows software http:// adf.ly/5t584;;
0;0;Blog: Windows 8 é chance final contra Android: SÃO PAULO - A Microsoft partiu para o tudo ou nada. A empresa apo... http:// bit.ly/zhtDGW;;
0;0;Venu 4 SEO/SEM/SMM Don't forget Visual Studio 11 and .NET Framework 4.5 betas!: Microsoft has released betas of ... http:// bit.ly/Afv24K;;
0;0;Microsoft ’s Azure cloud platform down for more than half a day | VentureBeat http:// lnkd.in/_GGtPa;;
0;0;Im a retard when it come to technology. I cant even install my microsoft office on my own #someonehelpme;;#someonehelpme
0;0;【workjournal.jp blog】からの通知です。 Microsoft Bizspark への掲載 http:// fc2.in/wE9PLo;;
0;0;#BreakingNews Microsoft unveils Windows 8 for consumer testing: The operating system is Micr... http:// bit.ly/zdxA8f #ShubhamConsultants;;#BreakingNews #ShubhamConsultants
0;0;RT @sr_windows8 : RT @ocorreas : Muy bien, 995 personas conectadas en la sesión del Diplomado de la Nube privada Microsoft // Sera todo un...;@sr_windows8 @ocorreas;
0;0;#News Microsoft unveils Windows 8 for consumer testing: The operating system is Microsoft 's rip... http:// bit.ly/yLVuZ1 #amitkarnani #AK;;#News #amitkarnani #AK
0;0;【PC Watch】 【MWC 2012レポート】【速報】【 Microsoft 編】Windows 8 Consumer Previewを公開 http:// bit.ly/xK6gDs;;
0;0;#Microsoft Windows 8 Consumer Preview detailed impressions -- Engadget http:// engt.co/wl3DNr;;#Microsoft
0;0;@GCrane1982 WOW Windows 8 with a Microsoft account is super easy to setup, can def see this working with #WP8 when r;@GCrane1982;#WP8
0;0;News by Yahoo Microsoft unveils Windows 8 for consumer testing: Microsoft on Wednesday let consumers start tryin... http:// oio.gr//107;;
0;0;Microsoft certified application specialist study guide, 2007 Microsoft Office sy 8211 Joyce et al. Cox ebook RATE_LIMIT_EXCEEDED;;
0;0;Microsoft launches ‘reimagined’ Windows: IT giant Microsoft on Wednesday delivered its answer to Google and Appl... http:// adf.ly/5t56a;;
0;0;CHEAP! Microsoft Wireless Optical Desktop 1000 – Keyboard & Mouse http:// mtny.mobi/4wxT;;
0;0;Its a curvy x on microsoft word! Thanks again @NiaNia_Fo_Fia;@NiaNia_Fo_Fia;
0;0;http:// li9r.com - Microsoft unveils Windows 8 for consumer testing - AP - http:// msnbc.com http:// on.msnbc.com/zRCVnw;;
0;0;Microsoft MOS-AXP Techniques For Success: MOS-AXP ( Microsoft Access 2002 Core): In order to keep yourself update... http:// bit.ly/xkJJZg;;
0;0;SMBs shift #BI to the #cloud http:// brev.is/gwa2 via @ITBusinessEdge Microsoft Oracle @host_analytics among top vendors;@ITBusinessEdge @host_analytics;#BI #cloud
0;0;Microsoft opens doors to Metro app store for Windows 8 http:// techobel.com/microsoft-open s-doors-to-metro-app-store-for-windows-8-301.html … via @theme_junkie;@theme_junkie;
0;0;Tech Business Roundup: Apple's Target Price, Microsoft 's Most Important Launch ... : $ QCOM : http:// scroli.com/profile/QCOM/;;
0;0;Big Data Can Boost Security Defenses, Has #Privacy Baggage: Microsoft http:// pulse.me/s/6ulx4;;#Privacy
0;0;Microsoft запустила сайт с новостями из соцсетей http:// smiexport.ru/internet/micro soft-zapustila-sajt-s-novostyami-iz-socsetej-2/ …;;
0;0;Microsoft unveils Windows 8 for consumer testing: Check out the Windows 8 preview for yourself. ... http:// bit.ly/ymUxuG;;
0;0;Microsoft 's Azure #cloud down and out for 8 hours http:// reg.cx/1UjP via @regvulture #business #platform #outage;@regvulture;#cloud #business #platform #outage
0;0;Microsoft , PC industry hanging hopes on Windows 8 - Gainesville Sun;;
0;0;Microsoft unveils Windows 8 http:// q.gs/y5Qs;;
0;0;Summary Box: Microsoft unveils Windows 8 for test http:// bit.ly/yAavij http:// mamancung.tumblr.com;;
0;0;Microsoft unveils Windows 8 http:// dlvr.it/1GCk9q;;
0;0;- VirusScan 4.5 for Microsoft Windows 95,;;
0;0;http:// havewindowsxperror.info / windows- microsoft -error-song-techno-version-the-best-mix;;
0;0;Microsoft unveils Windows 8 http:// dlvr.it/1GCk9N #teamfollowback;;#teamfollowback
0;0;Microsoft unveils Windows 8 http:// q.gs/y5Ql;;
0;0;Microsoft unveils Windows 8 http:// dlvr.it/1GCk6W;;
0;0;Microsoft unveils Windows 8 http:// dlvr.it/1GCk7B;;
0;0;#YourNewsTweet - Microsoft unveils Windows 8 http:// dlvr.it/1GCk70;;#YourNewsTweet
0;0;Microsoft unveils Windows 8 http:// dlvr.it/1GCk6g;;
0;0;Microsoft unveils Windows 8 http:// dlvr.it/1GCk5M;;
2;0;Here's a leaked screenshot of Microsoft 's Excel '12 - internally dubbed "Super Excel". I'm really excited about it! pic.twitter.com/r8hDhgHE;;
0;0;Microsoft unveils Windows 8 http:// dlvr.it/1GCk5D;;
1;0;Microsoft on Right Track with Windows 8 (Hands-On Consumer Preview) http:// strk.in/zVl0Kc;;
0;0;Microsoft office?なんか違う気がする。まぁいいや。;;
0;0;Microsoft UC Specialist http:// rssa.at/1294035 Jobs in Caerphilly;;
0;0;HBO Go to hit Microsoft 's <b>Xbox</b> game console April 1 http:// bit.ly/zmFmKb;;
0;0;Meet the Next CEO of Microsoft : Steven Sinofsky Is the Heir Apparent http:// gizmo.do/xWGUMI;;
0;0;http:// goo.gl/nwlpr lo bueno es que los productos de microsoft son robustos!! #fb desastre si se utiliza software libre... Verdad Google?;;#fb
0;0;@johnson_mt Hahaha awesome. It's online too... wonder if Microsoft might help pay for it. Zombie Apocalypse Survival Certification?;@johnson_mt;
0;0;Windows 8 Consumer Preview Download: Nun ist es also soweit: Microsoft bietet allen interessierten Anwendern ein... http:// twurl.nl/s60jn1;;
0;0;Have Microsoft *Finally* actually made Cider useful in VS 11? I think they just might have. Will need to test on big project though.;;
0;0;Microsoft to distribute Windows 8 on Qualcomm, Nvidia test PCs http:// twurl.nl/438w0z #broadband #mobility;;#broadband #mobility
0;0;tablet computers: Microsoft unveils Windows 8 for consumer testing: By ALAN CLENDENNING and MICHAEL LIEDTKE - AP... http:// bit.ly/wI0rry;;
0;0;RT @topitmedia : Microsoft 、「Windows 8 Consumer Preview」を一般に向けて公開 - ITmedia ニュース http:// r.sm3.jp/3Yfu;@topitmedia;
0;0;Microsoft launches Windows 8 preview http:// nztalk.in/yzMH2z;;
0;0;Microsoft 's Azure Cloud Suffers Serious Outage http:// soc.li/kcJRV6D;;
0;0;Nokia Shares off 37% But Prospects Vastly Improving One Year into Microsoft ... - Forbes http:// onforb.es/z57PVe;;
0;0;@notaxation man that makes me a little sad I wish Microsoft would release ME1!;@notaxation;
1;0;Microsoft veröffentlicht Windows 8 "Consumer Preview": Wie angekündigt, hat Microsoft heute die erste ... http:// bit.ly/wskVlI #3DCenter;;#3DCenter
0;0;Microsoft unveils Windows 8 for consumer testing: Microsoft on Wednesday let consumers start trying out its upco... http:// adf.ly/5sd4e;;
0;0;Microsoft unveils Windows 8 for consumer testing: Microsoft on Wednesday let consumers start trying out its upco... http:// adf.ly/5sd4e;;
0;0;AAPL : sur les traces de Microsoft : L'annonce d'un special event le 7 mars profite à l'action Apple, qui a fini ... http:// bit.ly/zGbRVa;;
0;0;Microsoft unveils Windows 8 for consumer testing http:// tinyurl.com/7jhxgep;;
0;0;AAPL : sur les traces de Microsoft http:// bit.ly/yxiwQb #MacG;;#MacG
0;0;AAPL : sur les traces de Microsoft : L'annonce d'un special event le 7 mars profite à l'action Apple, qui a fini ... http:// bit.ly/A086EP;;
0;0;AAPL : sur les traces de Microsoft : L'annonce d'un special event le 7 mars profite à l'action ... http:// bit.ly/AzjavA #apple #imac #mac;;#apple #imac #mac
0;0;AAPL : sur les traces de Microsoft : L'annonce d'un special event le 7 mars profite à l'action Apple, qui a fini ... http:// bit.ly/zGbRVa;;
0;0;Microsoft unveils Windows 8 for consumer testing: Microsoft on Wednesday let consumers start trying out its upco... http:// adf.ly/5t50d;;
0;0;flynnilliana: Microsoft unveils Windows 8 for consumer testing;;
0;0;dovaetrocans: Microsoft unveils Windows 8 for consumer testing;;
0;0;josonpowlosk: Microsoft unveils Windows 8 for consumer testing;;
0;0;Microsoft unveils Windows 8 for consumer testing http:// yhoo.it/w2E1Sz;;
0;0;Microsoft unveils Windows 8 for consumer testing http:// yhoo.it/xErCrM;;
0;0;Microsoft unveils Windows 8 for consumer testing: Microsoft on Wednesday let consumers start trying out its upco... http:// yhoo.it/ydADty;;
0;0;http:// Iwebslog.com -Microsoft, Hortonworks to link Excel and Hadoop: IDG News Service - Microsoft is... http:// dlvr.it/1GCjw6 #Excel;;#Excel
0;0;#Microsoft Blew One Of Its Big Chances To Get #Windows Tablets In Businesses (MSFT) #in http:// tinyurl.com/7vxaurp;;#Microsoft #Windows #in
0;0;Nokia's Bet On Microsoft Could Still Yield Payoff http:// bit.ly/zk31AQ;;
0;0;BB: Acer Aspire AS5750-6867 Core i5 15.6" Notebook $499 at Microsoft Store: Microsoft Store has the Acer Aspire ... http:// bit.ly/zWWWP3;;
0;0;Windows 8 beta (roundup): Microsoft launched its Windows 8 consumer beta and started the countdown to the launch... http:// cnet.co/wDPLMY;;
0;0;Windows 8 uit te proberen - http:// no.nl/1AQB - Softwaregigant Microsoft heeft voor het eerst een test-versie Windows beschikbaar gem..;;
0;0;Microsoft Windows Server "8" Beta Build 8250 x64 (64-bit) (English): Следующий выпуск Windows… http:// goo.gl/fb/w9OQq;;
0;0;Microsoft Fli... Windows用フライトシミュレーター。無償提供開始、アイテムは課金制;;
0;0;Windows 7 PE x86 by Morphius71rus (Русский): Microsoft Windows Preinstallation Environment… http:// goo.gl/fb/TynLe;;
0;0;Sorry Microsoft , I am not at all interested in having a tablet interface on my main desktop: http:// ow.ly/1HofYk;;
0;0;Microsoft : Windows 8 on ARM on track: Windows 8 preview product guide for business contains sur... http:// bit.ly/z2BUbo;;
0;0;Microsoft opens doors to Metro app store for Windows 8:   Looming iPad 3 launch spa... http:// bit.ly/A1e8sc;;
1;0;Microsoft reinventa Windows para ofrecernos una experiencia multidispositivo http:// flpbd.it/faRzL via @fayerwayer;@fayerwayer;
0;0;#MWC12 Microsoft muestra Internet Explorer 10. Via @Conectica http:// bit.ly/zzHiCR;@Conectica;#MWC12
0;0;Microsoft takes a leap of faith with Windows 8: Windows 8 product guide for business contains s... http:// bit.ly/Ak8M4V;;
0;0;Summary Box: Microsoft unveils Windows 8 for test: Summary Box: Microsoft unveils Windows 8 for test Associated... http:// dlvr.it/1GCjjy;;
0;0;Microsoft - Windows Consumer Preview on 1 Fav Source+44 others like Engadget-Qualcomm, Microsoft giving Snapdrag... http:// bit.ly/x5oUbR;;
0;0;@missmarini dont worry.. owner microsoft word tu dulu x blaja semantics.. :p;@missmarini;
0;0;#CarlCox 's website's run out of space. "-1 dislike" to excessively-verbose Microsoft errors :@http:// yfrog.com/khwo4pp;@http;#CarlCox
0;0;Microsoft Releases First Windows 8 Test - BusinessWeek: ABC News Microsoft Releases First… http:// goo.gl/fb/ZttP7;;
0;0;RT @ocorreas : Muy bien, 995 personas conectadas en la sesión del Diplomado de la Nube privada Microsoft // Sera todo un exito!;@ocorreas;
0;0;Senior Software Engineer MICROSOFT - Zuerich, Schweiz http:// bit.ly/kVsl9q;;
0;0;Meet the Next CEO of Microsoft : Steven Sinofsky Is the Heir Apparent [ Microsoft ] from Matt Rosoff - Business Insider http:// by.vg/XhDCI;;
0;0;#tech Microsoft Windows 8 on 82-inch touchscreen hands-on (video) -- Engadget http:// bit.ly/z5VeeI;;#tech
0;0;Meet the Next CEO of Microsoft : Steven Sinofsky Is the Heir Apparent http:// bit.ly/ynAB6N via @Gizmodo #Microsoft #CEO;@Gizmodo;#Microsoft #CEO
0;0;Microsoft working on holographic video calling device;;
0;0;@Rolanda4 I usually use microsoft word, but if you mean screenwriting, I'd suggest celtx (free) or final draft (paid);@Rolanda4;
1;0;UPDATE: Microsoft #Azure outage continues as company struggles to restore Azure compute: http://www. zdnet.co.uk/blogs/mapping- babel-10017967/microsoft-grapples-with-windows-azure-outage-10025520/ …;;#Azure
0;0;Nokia and Microsoft quietly begin quest for world domination http:// bit.ly/wz62Yf via @addthis;@addthis;
0;0;Reason #897289731 I hate Microsoft - show up to event that has food 15 minutes early, already out of pizza. Have to stay til 10. #hungryyyyy;;#897289731 #hungryyyyy
0;0;Microsoft officeやら有料ソフトが最初から入ってる奴を買ったのに、結局それらは使わず仕舞いだったな､もったいない。入ってなくてお値段もお値打ちな方にしておけばよかった。;;
0;0;Microsoft Office 15: Ready (and Not Ready) for Windows 8 http:// ti.me/ztXJPc via @Techland;@Techland;
0;0;@EktaROC Won't lie it looks pretty neat. Wouldn't switch from Mac OS but it looks like a really great improvement from Microsoft .;@EktaROC;
0;0;MEET THE NEXT CEO OF MICROSOFT : Steven Sinofsky Is The Heir Apparent http://www. businessinsider.com/meet-the-next- ceo-of-microsoft-steven-sinofsky-is-the-heir-apparent-2012-2?utm_source=twbutton&utm_medium=social&utm_campaign=sai … via @sai;@sai;
0;0;《オークション》 Microsoft Office Personal 2007 http:// bit.ly/xbTrB6 人気です。;;
0;0;Hoy Microsoft lanzó la Consumer Preview de Windows 8, una especie de "Pre-Beta". Disponible y excelente para descargar y probar...;;
0;0;In Seattle- met with original Product Mgr for Kinect from Microsoft Research. The impact of Natural User Interface (NUI) will change classrm;;
1;0;Od dnesneho dna sa da testovat metro od #ms A ja musim uznat, ze Microsoft urobil nieco co sa mi paci! Kto ma win mobile?;;#ms
0;0;@RobertoLV o esta en la pag de microsoft ?;@RobertoLV;
0;0;Microsoft Demos Windows 8 on 82-inch Touchscreen http:// pulse.me/s/6tiGK;;
0;0;Microsoft Product Roadmap per il 2012 http:// wso.li/1Hhy #Windows #Windows8 #WindowsPhone;;#Windows #Windows8 #WindowsPhone
0;0;" @MSFTnews : Microsoft Flight PC game takes virtual pilots to the skies of Hawaii, available for free at http:// bit.ly/yyt06c " #juegos;@MSFTnews;#juegos
0;0;Microsoft presenta Windows 8 para la prueba del Consumidor http:// ow.ly/9nfEs #tech #noticias #microsoft #os #win #win8;;#tech #noticias #microsoft #os #win #win8
0;0;Microsoft files antitrust patent complaint in EU against Motorola http:// bit.ly/zYnSUM;;
0;0;Windows 8 Consumer Preview: Multi-monitor desktop video review: Microsoft has spent a lot of time convincing us ... http:// bit.ly/y7sfKb;;
0;0;RT @globovision : Microsoft presenta su Windows 8 buscando recuperar el terreno perdido http:// bit.ly/yawNy7;@globovision;
0;0;Windows 8 launches in preview mode: Microsoft today took the wraps off Windows 8, the latest iter... http:// bit.ly/yHUz8b #Science #News;;#Science #News
0;0;Microsoft 's Azure Cloud Suffers Serious Outage http:// bit.ly/wzh23y #yam;;#yam
0;0;Microsoft unveils Windows 8 http:// spr.ly/6018RCJk;;
0;0;Microsoft Debuts Windows 8 Test http:// goo.gl/54ymc #WSJ ”;;#WSJ
0;0;Microsoft sues Motorola Mobility, claims FRAND abuse http:// cnet.co/zsC0DY;;
0;0;Microsoft unveils Windows 8 for consumer testing, shows off new operating system in Barcelona - 680News: http://www. 680news.com/news/world/art icle/336248--microsoft-unveils-windows-8-for-consumer-testing-shows-off-new-operating-system-in-barcelona#.T0627BnSHHw.twitter … via @AddThis;@AddThis;#
0;0;速報： Microsoft 、Windows 8のコンシューマ・プレビュー版を一般公開 http:// jp.techcrunch.com/archives/20120 229microsoft-releases-windows-8-consumer-preview/ …;;
0;0;Apple MacBook 13.3" Laptop - Cinema 4D STUDIO 13 & Microsoft Word! http:// dlvr.it/1GCjKn #apple #macbook #USA;;#apple #macbook #USA
0;0;When I do an assignment on Microsoft word. I go to save it and the computer goes buck wild and deletes it TF!! •_•;;
0;0;Microsoft Announces Availability of Windows 8 Consumer Preview: TECHNOLOGY Steven Sinofsky… http:// goo.gl/fb/10yqT;;
0;0;meu nome deveria se chamar Microsoft Word porque eu fico corrigindo os erros de ortografia dos outros kkkkkk #maniafdp;;#maniafdp
0;0;CHEAP! Microsoft Wireless Optical Desktop 1000 – Keyboard & Mouse http:// mtny.mobi/4wxT;;
0;0;[MacG] AAPL : sur les traces de Microsoft http:// bit.ly/A086EP;;
0;0;AAPL : sur les traces de Microsoft http:// bit.ly/A086EP #Apple;;#Apple
0;0;#Windows8 Microsoft to distribute Windows 8 on Qualcomm, Nvidia test PCs http:// ow.ly/1hIRpg;;#Windows8
0;0;AAPL : sur les traces de Microsoft : L'annonce d'un special event le 7 mars profite à l'action Apple, qui a fini ... http:// bit.ly/zGbRVa;;
0;0;Microsoft Blew One Of Its Big Chances To Get Windows Tablets In Businesses (MSFT) http:// goo.gl/fb/022d3;;
0;0;Microsoft ’s Windows 8 Redesigns the Computer Desktop http://www. slate.com/articles/techn ology/technology/2012/02/windows_8_microsoft_s_radical_redesign_of_the_computer_desktop_.html?tid=sm_tw_button_toolbar … via @slate;@slate;
0;0;Soy el número 40917 según Microsoft en mi país :S mucho que avanzar para ser el #1;;#1
0;0;Microsoft opens doors to Metro app store for Windows 8 http:// bit.ly/AhrBwY #socialmedia #tech #apple;;#socialmedia #tech #apple
0;0;Anybody surprised? #fail @Microsoft pic.twitter.com/F06oKrdG;@Microsoft;#fail
0;0;Logiciels: #5: Microsoft Windows Small Business Server 2011 Essentials - Licence et support - 1 serveur (1-2 CPU... http:// amzn.to/zUExfA;;#5
0;0;http:// havewindowsxperror.info / windows- microsoft -error-song-techno-version-the-best-mix;;
0;0;Meet the Next CEO of Microsoft : Steven Sinofsky Is the Heir Apparent [ Microsoft ] http:// j.mp/y7R05z;;
0;0;Microsoft unveils Windows 8 for consumer testing http:// dlvr.it/1GCj6m;;
0;0;RT @HyperBrendan : Microsoft releases incomplete Windows 8 for public trial - http:// ow.ly/9nfso;@HyperBrendan;
0;0;Microsoft unveils Windows 8 http:// dev.dlvr.it/1y9T;;
0;0;Here's an official video from Microsoft about the User Experience. Seems really convoluted for a mouse/keyboard user. http://www. youtube.com/watch?feature= endscreen&NR=1&v=Og0BbYErv-s …;;
0;0;NTxSystems Update: With Windows 8, Microsoft Learns From the Mobile Revolution http:// ow.ly/1hIRwP;;
0;0;@KevynPM They've said that they're killing the Zune brand itself, it will be known to us as Music: integrated through your Microsoft Account;@KevynPM;
0;0;Microsoft kündigt Xbox 360-Familien-Bundle an - T-Online http:// bit.ly/wsoW8G;;
0;0;The Microsoft Store: Surprisingly Pleasant http:// ti.me/AtAD1m via @Techland;@Techland;
0;0;Decepcionado que @Microsoft no anuncío @WindowsPhone 8 en #MWC12;@Microsoft @WindowsPhone;#MWC12
0;0;Microsoft unveils Windows 8 for consumer testing - The Associated Press http:// bit.ly/wSgzJL;;
0;0;Microsoft unveils Windows 8 for consumer testing - Newsday http:// bit.ly/AxL8Ut;;
0;0;Интернет-магазин Microsoft в Индии атаковали к http:// smiexport.ru/internet/inter net-magazin-microsoft-v-indii-atakovali-kitajskie-xakery-2/ …;;
0;0;Turnaround Artist: Microsoft Earns Security Respect - InformationWeek http:// bit.ly/zAPsSD;;
0;0;Nokia's Bet On Microsoft Could Still Yield Payoff - Wall Street Journal http:// bit.ly/AdiJ8k;;
0;0;After 3yrs without Microsoft Office I finally bought it. 4hrs of attempting installation later, I have only regrets.;;
0;0;The wait is over.. Microsoft reveals the consumer preview of much awaited windows 8. Few hours ago ,in Barcelona... http:// fb.me/1raJZ9Q2Z;;
0;0;With Windows 8, Microsoft Learns From the Mobile Revolution http:// goo.gl/fb/Rq7xj;;
0;0;#sales SSP Platform - Financial: Microsoft Canada Co. (Mississauga ON): "...Job Category: Sal... http:// bit.ly/zWYkJI #jobs #Canada #job;;#sales #jobs #Canada #job
0;0;Microsoft Flight For Windows Now Available For Download, And Is Absolutely Free! (via Redmond Pie) http://www. redmondpie.com/microsoft-flig ht-for-windows-now-available-for-download-and-is-absolutely-free/ …;;
0;0;Microsoft Unveils Windows 8 for Consumer Testing - http:// ow.ly/9nfAe #tech #news #microsoft #preview #win #win8 #os;;#tech #news #microsoft #preview #win #win8 #os
0;0;Windows 8, el sistema con el que Microsoft quiere recuperar terreno http:// mexico.cnn.com/tecnologia/201 2/02/29/windows-8-el-sistema-con-el-que-microsoft-quiere-recuperar-terreno#.T06bi6Rv4KY.facebook … vía @CNNMex;@CNNMex;#
0;0;With Windows 8, Microsoft Learns From the Mobile Revolution http:// ow.ly/1hIRCm;;
0;0;@GagesAndroid That's the one from the microsoft website idk;@GagesAndroid;
1;0;Windows 8 and bundling: What a difference a decade makes: Microsoft is taking some emboldened steps toward bundl... http:// zd.net/AcsISa;;
0;0;Biz & Tech: Microsoft Unveils #Windows8 For Consumer Testing http:// bit.ly/wcYA2S;;#Windows8
0;0;Cisco attempt to convince a European court to impose tougher conditions on Microsoft acquisition of Skype... http:// ow.ly/9nfyi;;
0;0;Meet the Next CEO of Microsoft : Steven Sinofsky Is the Heir Apparent [ Microsoft ]: ... http:// bit.ly/ypBUwJ;;
0;0;Windows Store é lançada para o Windows 8: A Microsoft disponibilizou na manhã desta quarta-feira (29/02) a versã... http:// bit.ly/wzaSuA;;
0;0;Can my PC run the Windows 8 beta test build?: Now that Microsoft has made the Windows 8 beta (k... http:// bit.ly/zaVjBl #tech #news #aus;;#tech #news #aus
0;0;#Free #Download #Microsoft #Windows8 Consumer Preview http:// windows.microsoft.com/en-US/windows- 8/download … I recommend you install it in a Virtual Machine or Bootable USB!!;;#Free #Download #Microsoft #Windows8
0;0;Microsoft Debuts Windows 8 Test: Microsoft launched the first test version of Windows 8, to gather consumer feed... http:// on.wsj.com/zySfHd;;
0;1;Appleと Microsoft やIntelの時価総額の変動（伸び）の比較グラフ。めちゃおもろい。2000年には天と地ほどひらいていてたMicrosoftとの差を、Appleが2010年に抜き去るまでのモメンタムが凄い。 http:// apne.ws/xmjzcM -CC;;
0;0;Check This Out Microsoft unveils Windows 8 for consumer testing (Miami Herald) http:// ht.ly/1hIRQc;;
0;0;Microsoft e Nokia se unem em projeto de mapas - A parceria entre Microsoft e Nokia ganhará uma expansão de fôlego. U... http:// ow.ly/1hIRPF;;
0;0;Microsoft e Nokia se unem em projeto de mapas - A parceria entre Microsoft e Nokia ganhará uma expansão de fôlego. U... http:// ow.ly/1hIRPG;;
0;0;[ http://WWW. PILIPINAS.IT ] With Windows 8, Microsoft Learns From the Mobile Revolution http:// ow.ly/1hIRPV;;
0;0;@DjLarissaLahw Microsoft lança versão preview do Windows 8.Faça o download gratuito http:// goo.gl/fb/wFWQI;@DjLarissaLahw;
0;0;速報： Microsoft 、Windows 8のコンシューマ・プレビュー版を一般公開 http:// feedly.com/k/wKkgbT;;
0;0;速報： Microsoft 、Windows 8のコンシューマ・プレビュー版を一般公開 http:// pulse.me/s/6ujTp;;
0;0;ALL execs actually! RT @carminegallo : Microsoft execs--please avoid these types of PowerPoint slides in product prezos http:// twitpic.com/8q8u3l;@carminegallo;
0;0;Meet the Next CEO of Microsoft : Steven Sinofsky Is the Heir Apparent [ Microsoft ]: ... http:// tinyurl.com/828a6o8;;
0;0;@IkBenRaaf sorry baas, dat jy nou microsoft runt;@IkBenRaaf;
0;0;@mandic Microsoft lança versão preview do Windows 8.Faça o download gratuito http:// goo.gl/fb/wFWQI;@mandic;
0;0;Microsoft Office Mac University 2011 with SP1 Mac: http:// bit.ly/wSVbxB;;
0;0;#tech With Windows 8, Microsoft Learns From the Mobile Revolution... http:// mmag.co/f971f;;#tech
0;0;Joke #1:on Microsoft word we changed the options on auto correct so that every time he puts his last name for a paper, it comes up FagBoy;;#1
0;0;Microsoft запустила сайт с новостями из соцсетей http:// smiexport.ru/internet/micro soft-zapustila-sajt-s-novostyami-iz-socsetej-2/ …;;
0;0;Closing Bell: Facebook | Microsoft 's Metro app store | $500B Apple market cap http:// bit.ly/y8hH5H;;
0;0;Just got some FREE Microsoft Points from http://www. GetMyMicrosoftPoints.com/?i=305945 ! :);;
0;0;@FelipeCarrilhoo Microsoft lança versão preview do Windows 8.Faça o download gratuito http:// goo.gl/fb/wFWQI;@FelipeCarrilhoo;
0;0;【PC Watch】 【MWC 2012レポート】【速報】【 Microsoft 編】Windows 8 Consumer Previewを公開 http:// pc.watch.impress.co.jp/docs/news/even t/20120301_515712.html … @pc_watch さんから;@pc_watch;
0;0;Will you download Microsoft 's Windows 8 Consumer Preview? http:// gu.com/p/35zhz/tw via @guardian;@guardian;
0;0;@srazuera Microsoft lança versão preview do Windows 8.Faça o download gratuito http:// goo.gl/fb/wFWQI;@srazuera;
1;0;Microsoft Flight ya está disponible gratuitamente http://www. vandal.net/noticia/65745/ microsoft-flight-ya-esta-disponible-gratuitamente/ …;;
0;0;New blog posting, Meet the Next CEO of Microsoft ... - http:// tinyurl.com/6we4wzo;;
0;0;Meet the Next CEO of Microsoft : Steven Sinofsky Is the Heir Apparent [ Microsoft ]: ... http:// bit.ly/ypBUwJ;;
0;0;" @YourAnonNews : Microsoft doesn't understand the concept of a "Leap Day." Sigh. | http:// goo.gl/nwlpr " // ah no bueeno! Y por eso pagan #fb;@YourAnonNews;#fb
0;0;What device are you taking your #USPSCIO notes on? What takeaways are you bringing back to your agency/org thusfar? #mobile;;#USPSCIO #mobile
0;0;Microsoft 's Azure Cloud Suffers Serious Outage - PCWorld - VentureBeatMicrosoft's Azure Cloud Suffers Serious Ou... http:// ow.ly/1hIRWB;;
0;0;Microsoft Releases First Windows 8 Test - BusinessWeek - Globe and MailMicrosoft Releases First Windows 8 TestBusine... http:// ow.ly/1hIRWC;;
0;0;Windows 8 and bundling: What a difference a decade makes: Microsoft is taking some emboldened steps ... http:// zd.net/wEcj5K LR=U1281182;;
0;0;Microsoft unveils Windows 8 - radically different - enormous stakes at play http:// usat.ly/zFC5KV;;
0;0;Microsoft es un cerdo;;
0;0;Microsoft Windows 8 Consumer Preview detailed impressions - Engadget http:// bit.ly/zI9Be9;;
0;0;ITespresso.fr: Windows 8 Consumer Preview : le nouvel OS de Microsoft devient plus tangible http:// fun.ly/1j89k;;
0;0;Muy bien, 941 personas conectadas en la sesión del Diplomado de la Nube privada Microsoft;;
0;0;Microsoft launches Windows 8 Consumer Preview – over 100,000 changes from Developer Preview http:// ow.ly/1hIS01;;
0;0;Microsoft is so uncreative that not only do their few retail stores look like apple stores, the employee dress code is the same. #fail #fb;;#fail #fb
0;0;HBO and Game of Thrones Season 2 For Microsoft Gamers: If you gotta have your HBO Go, it is time to celebrate. T... http:// bit.ly/xR1j5k;;
0;0;Microsoft lança versão de teste do Windows 8 http:// blogs.estadao.com.br/link/?p=65015;;
0;0;Скачать microsoft office project 2007 http:// soft.vzbzkachay.ru/konverteri/ska chat-microsoft-office-project-2007.html …;;
0;0;Microsoft demonstrates new Windows 8 Intel and ARM-based hardware: The company has demonstrated both ARM and Int... http:// bit.ly/A6N50d;;
0;1;Apple se viene con el OS más aburrido del mundo y Microsoft diseña uno que deja en ridículo todo lo que hemos visto. 2012?;;
0;0;I remember when they said apple would never get as big as Microsoft .;;
0;0;Funny Microsoft support center call: http:// youtu.be/A-u9B6nouBo via @youtube;@youtube;
0;0;Δωρεάν δοκιμή των νέων Windows 8 της Microsoft http:// fb.me/1hhCEGAWw;;
0;0;Windows 8 Preview Released, Twitter Reacts - Today Microsoft released a Consumer Preview of its new Windows 8 operat... http:// ow.ly/1hIS4a;;
0;0;Microsoft releases incomplete Windows 8 for public trial - http:// ow.ly/9nfso || this is new, they usually just go to market at this point;;
0;0;@DAINARANCOR RT @globovision : Microsoft presenta su Windows 8 buscando recuperar el terreno perdido http:// bit.ly/yawNy7;@DAINARANCOR @globovision;
0;0;Le cloud Windows Azure de Microsoft en panne: La panne sur Azure, la plateforme cloud de Mi... http:// coon.yt/ym3wbN #security #antivirus;;#security #antivirus
0;0;Microsoft unveils Windows 8 for consumer testing: Corporate Vice President of Windows Web Services, Antoine Lebl... http:// bit.ly/yv8a7Y;;
0;0;#Security #News : Windows 8 Beta steht zum freien Download bereit: Die von Microsoft als "Consumer P... http:// bit.ly/A0thd8 ( #heise .de);;#Security #News #heise
0;0;Microsoft Office 2007 Enterprise Blue Edition x32|x64 http:// bit.ly/z8KzXW;;
0;0;Windows 8 and bundling: What a difference a decade makes: Microsoft is taking some emboldened steps toward bundl... http:// zd.net/AcsISa;;
0;0;Windows 8 and bundling: What a difference a decade makes: Microsoft is taking some emboldened steps toward bundl... http:// zd.net/AcsISa;;
0;0;Meet the Next CEO of Microsoft : Steven Sinofsky Is the Heir Apparent [ Microsoft ]: ... http:// bit.ly/ypBUwJ;;
0;0;Meet the Next CEO of Microsoft : Steven Sinofsky Is the Heir Apparent [ Microsoft ]: ... http:// adf.ly/5t4ec;;
0;0;Meet the Next CEO of Microsoft : Steven Sinofsky Is the Heir Apparent [ Microsoft ]: ... http:// bit.ly/ypBUwJ;;
0;0;Microsoft saca de la chistera el Windows 8 en su pugna con Apple y Google – RT http:// fb.me/1uVaOrSVM;;
0;0;CAmNsSo: #1: Microsoft Office SharePoint Designer 2007 French (vf) http:// ow.ly/1hISes;;#1
0;0;CAmNsSo: #1: Microsoft Office SharePoint Designer 2007 French (vf) http:// ow.ly/1hISeu;;#1
0;0;CAmNsSo: #1: Microsoft Office SharePoint Designer 2007 French (vf) http:// ow.ly/1hISev;;#1
0;0;Windows 8 and bundling: What a difference a decade makes: Microsoft is taking some emboldened steps toward bundling formerly separate...;;
0;0;Windows 8 and bundling: What a difference a decade makes: Microsoft is taking some emboldened steps toward bundling formerly separate...;;
0;0;01/03 - Brevets : Microsoft s’en prend à Motorola Mobility #motorola : http:// coon.yt/y1BNQl;;#motorola
0;0;#jobs SO2 Application Engineer Job - Microsoft - Hyderabad, Andhra Pradesh: Job Category: IT Location... http:// bit.ly/xVplWB #hiring;;#jobs #hiring
0;0;#jobs Software Development Engineer (SDE) II Job - Microsoft - Hyderabad, Andhra Pradesh: Job Category:... http:// bit.ly/zyroJp #hiring;;#jobs #hiring
0;0;@xabinapal Si, intuitivisimo... Estos de Microsoft son la bomba xDD;@xabinapal;
0;0;Microsoft offers touch guidance to Windows 8 Metro-app developers http:// bit.ly/zqCyuU;;
0;0;Microsoft Blew One Of Its Big Chances To Get Windows Tablets In Businesses http:// read.bi/z0CeU5;;
0;0;Meet the Next CEO of Microsoft : Steven Sinofsky Is the Heir Apparent [ Microsoft ] http:// jfish.me/zCee2J;;
0;0;Sortie de Windows 8 : Microsoft joue la carte de l'adaptabilité: Microsoft qui apparait en retrait des dernières... http:// bit.ly/xbYgeN;;
0;0;Sortie de Windows 8 : Microsoft joue la carte de l'adaptabilité: Microsoft qui apparait en retrait des dernières... http:// bit.ly/xB1jwi;;
0;0;- VirusScan 4.5 for Microsoft Windows 95,;;
0;0;With Windows 8, Microsoft Learns From the Mobile Revolution http:// bit.ly/xMuGDd;;
0;0;acabaram de me mandar um email dizendo que eu ganhei 250.000 de euros em um concurso da microsoft , estou rica *-* HAHAHA;;
0;1;#Windows8 , Semantic Zoom, Charms, Metro UI. #Microsoft in the right way. http:// gizmodo.com /;;#Windows8 #Microsoft
0;0;Why Windows 8 is Microsoft ’s most vital launch in years http:// ow.ly/9ndbq #windows8 #Microsoft;;#windows8 #Microsoft
0;0;RT @MSFTWEB : Check out the @microsoft powered SYNC in the all-new @FordEu B-MAX, unveiled at #MWC2012 : http:// bit.ly/xaw5F8;@MSFTWEB @microsoft @FordEu;#MWC2012
18;1;Microsoft presenta su Windows 8 buscando recuperar el terreno perdido http:// bit.ly/yawNy7;;
0;0;RT @jaapwess Just got (video) interviewed for some kind of Microsoft #Exchange marketing :-);@jaapwess;#Exchange
0;0;いよいよ、試せる時期が来た！　ということは、発売もそろそろ・・・。　→ Microsoft 、「Windows 8 Consumer Preview」を一般に向けて公開 http:// bit.ly/AbcuVN;;
0;0;#microsoft y otras compañías se quejan de #Google + ante la UE | Navegante http:// goo.gl/IvRFN;;#microsoft #Google
0;0;It was summer 2009. Microsoft had just shipped the final code for Windows 7 to PC manufacturers, who had begun… http:// goo.gl/fb/ThH87;;
0;0;I liked a @YouTube video http:// youtu.be/6HMHV1WRWZE?a Free Microsoft Points for Xbox 360 & Gold Xbox Live http:// FreeMSP.org;@YouTube;
0;0;Frühere Microsoft -Managerin setzt sich für Anonymität im Internet ein http:// ow.ly/1hISpI;;
0;0;RT @geekwire : Microsoft ’s Windows Azure suffers extended outages http:// goo.gl/fb/sB3U5 no major website outages...maybe b/c none are on Azure;@geekwire;
0;0;@bradshoemaker could it be due to the Azure ( Microsoft cloud system) outage today?;@bradshoemaker;
0;1;Alguien mas ha recibido una llamada de un tipo con dejo colombiano, pidiendop informacion para actualizar su licencia de Microsoft ?;;
0;0;- VirusScan 4.5 for Microsoft Windows 95,;;
0;0;Microsoft Launches Test Version of Windows 8 – Wall Street Journal http:// ow.ly/1hISxr;;
0;0;New Blog Post --->>> Using Microsoft Office Web Apps in SkyDrive: http:// vsb.li/CeC67p;;
0;0;Microsoft anticipa su nuevo Windows para recuperar el terreno ante Apple y Google http:// tecnologia.iprofesional.com/notas/131745-M icrosoft-anticipa-su-nuevo-Windows-para-recuperar-el-terreno-ante-Apple-y-Google … vía @iProfesional;@iProfesional;
0;0;Microsoft 's Flight Simulator - FREE Download http:// goo.gl/fb/2x3Ml;;
0;0;Microsoft unveils Windows 8 for consumer testing (AP) - Yahoo! News: Entertainment News >>  AP - Microsoft on ... http:// owl.li/1hISuN;;
0;0;Microsoft unveils Windows 8 for consumer testing (AP) - Yahoo! News: Entertainment News >>  AP - Microsoft on ... http:// owl.li/1hISuO;;
1;0;« @MSCloud Increase VM density without increasing cost. Choose a Private Cloud Solution from Microsoft . @ElleryP3 si eres un viejo esteril;@MSCloud @ElleryP3;
0;0;Microsoft files antitrust patent complaint in EU against Motorola http:// bit.ly/zYnSUM;;
0;0;Apple, Microsoft , And The 3-D Desktop Of Your Dreams;;
0;0;Microsoft lança prévia do Windows 8 para o consumidor final#windows8 preview http:// pcworld.uol.com.br/noticias/2012/ 02/29/microsoft-lanca-previa-do-windows-8-para-o-consumidor-final/ … via @pcworldbrasil;@pcworldbrasil;#windows8
0;0;ITmedia) [ITmedia News] Microsoft 、「Windows 8 Consumer Preview」を一般に向けて公開 http:// ow.ly/1hISy9;;
0;0;Microsoft sues Motorola Mobility, claims FRAND abuse http:// cnet.co/zsC0DY;;
0;0;Free eBook: Security and Privacy for Microsoft Office 2010 Users : http:// blogs.msdn.com/b/microsoft_pr ess/archive/2012/02/29/free-ebook-security-and-privacy-for-microsoft-office-users.aspx …;;
0;0;Microsoft apresenta Windows 8 para teste público http:// bit.ly/A07RV4;;
0;0;Sr. Microsoft Dynamics Developer - TEKsystems - Chicago, Illinois http:// ow.ly/1hISA5;;
0;0;Sr. Microsoft Dynamics Developer - TEKsystems - Chicago, Illinois http:// ow.ly/1hISA4;;
0;0;#itjobs Sr. Microsoft Dynamics Developer - TEKsystems - Chicago, Illinois http:// ow.ly/1hISA6;;#itjobs
0;0;Microsoft abre acceso al Windows 8 http:// dlvr.it/1GCgxV;;
0;0;- VirusScan 4.5 for Microsoft Windows 95,;;
0;0;#BusinessNews Microsoft unveils Windows 8 for consumer testing: Microsoft unveils Windows 8 f... http:// bit.ly/ypomYR #News #amitkarnani;;#BusinessNews #News #amitkarnani
0;0;Best Study Guide and Information of Microsoft 70-292 Exam: The Microsoft Managing and Maintaining a Microsoft Wi... http:// bit.ly/yJhYAF;;
0;0;[電脳] マイクロソフト、「Windows 8 Consumer Preview」を提供開始 （CNET Japan）: Microsoft は、次期OS「Windows 8」の「Consumer Preview」をリリースした。... http:// bit.ly/zibkYf;;
0;0;Microsoft Windows 7 Ultimate (x86-x64) http:// bit.ly/y8WC3E;;
0;0;#4: HP Microsoft ® Windows® Operating System Kit opzioni rivenditore SW Microsoft Windows Server 2008 R2... http:// bit.ly/wEJw4O #offerte;;#4 #offerte
0;0;#RGP Download Microsoft Windows 8 Consumer Preview Today!..: Microsoft has released on time the consumer preview... http:// migre.me/875kS;;#RGP
0;0;Download Microsoft Windows 8 Consumer Preview Today!..: Microsoft has released on time the consumer preview of i... http:// bit.ly/zqQqzj;;
0;0;Microsoft unveils Windows 8 for consumer testing: Microsoft unveils Windows 8 for consumer testingThe operating system is Microsoft 's...;;
0;0;Meet the Next CEO of Microsoft : Steven Sinofsky Is the Heir Apparent [ Microsoft ]: ... http:// bit.ly/ypBUwJ;;
0;0;Após 100 mil mudanças, Microsoft lança Windows 8; veja como baixar http:// goo.gl/fb/nTNBM;;
0;0;Updated: Microsoft 's Azure Cloud Suffers Serious Outage http:// soc.li/kcJRV6D;;
0;0;#Google , #Microsoft , Netflix We Want To Add DRM To #HTML5 | HITBSecNews http:// bit.ly/w3DJjn via @pryourblog;@pryourblog;#Google #Microsoft #HTML5
0;0;Microsoft on Windows Phone: We’re Exactly Where We Need to Be http:// yhoo.it/yfCX4V;;
0;0;Microsoft unveils Windows 8 for consumer testing: Microsoft unveils Windows 8 for consumer testingThe operating system is Microsoft 's...;;
0;0;Microsoft stellt Windows 8 Consumer Preview bereit - http:// bit.ly/wQ11Cf;;
0;0;[$$] Microsoft Launches Test Version of Windows 8 http:// ow.ly/1hISFk;;
0;0;Netshield 4.0.3 for Microsoft Windows NT;;
0;0;News Update Microsoft unveils Windows 8 for consumer testing http:// ow.ly/1hISFp;;
0;0;Microsoft unveils Windows 8 for consumer testing http:// bit.ly/yvOeh1;;
0;0;#uxjobs UX Designer, Senior Job - Microsoft - Redmond, WA - re-imagine applications for tomorrow’s needs. We are l... http:// ow.ly/1hISFR;;#uxjobs
0;0;Microsoft unveils Windows 8 for consumer testing http:// bit.ly/ypomYR;;
0;0;Microsoft 's released Windows 8 apps for Consumer Preview in Bing ... http:// bit.ly/yS43dJ #bing;;#bing
0;0;Just got (video) interviewed for some kind of Microsoft #Exchange marketing :-);;#Exchange
0;0;Sony, Microsoft Battle Hackers Over Right to 'Jailbreak' Video Game Systems: Another high-tech and high-stakes c... http:// bit.ly/x6ZIkj;;
0;0;§Cnet wireless§ Microsoft to distribute Windows 8 on Qualcomm, Nvidia test PCs http:// cnet.co/yElumh (updated by @cnet );@cnet;
0;0;Microsoft to distribute Windows 8 on Qualcomm, Nvidia test PCs: The software giant will provide Windows-on-ARM P... http:// cnet.co/x1jTW0;;
0;0;Microsoft SQL Server 2005 Stored Procedure Programming in T-SQL 038 .NET 8211 Dejan Sunderic download, read, buy on.. http:// mtny.mobi/1qjP;;
0;0;Microsoft 's Azure Cloud Suffers Serious Outage - PCWorld http:// ow.ly/1hISIU;;
0;0;Microsoft Releases First Windows 8 Test http:// ow.ly/1hISIV;;
0;0;Microsoft working on 3D for Xbox 720 http:// goo.gl/vNAXI Android 4.0.3 ICS ROM On Galaxy S II Jailbreak iPhone 4S/iPad 2 Redsn0w _89;;
0;0;Microsoft unveils Windows 8 for consumer testing: Microsoft on Wednesday let consumers start trying out its upco... http:// adf.ly/5t4Qq;;
0;0;Meet the Next CEO of Microsoft : Steven Sinofsky Is the Heir Apparent [ Microsoft ] http:// sns.mx/khgxy0;;
0;0;#Windows8 ya se puede descargar: El nuevo sistema operativo de #Microsoft . ---> http:// bit.ly/ywEdvW;;#Windows8 #Microsoft
0;0;VIRUSSCAN 4.5 FOR MICROSOFT WINDOWS;;
0;0;While #Apple is upgrading #Microsoft is innovating http://www. youtube.com/watch?v=oGa1Q7 NvsI0&feature=youtube_gdata_player …;;#Apple #Microsoft
0;0;Dear Microsoft Word, I'm pretty sure I spelled my name right.;;
0;0;@Fhrizz Microsoft lança versão preview do Windows 8.Faça o download gratuito http:// goo.gl/fb/wFWQI;@Fhrizz;
0;0;#Windows8 for tablet OS is looking amazing. Good Job @Microsoft Things are actually looking quite intuitive.;@Microsoft;#Windows8
0;0;TeliaSonera , Microsoft Lync Server case study: http:// bit.ly/xpnziC;;
1;0;@Douglasmusic @adrianogatto @violadacarwash Microsoft lança versão preview do Windows 8.Faça o download gratuito http:// goo.gl/fb/wFWQI;@Douglasmusic @adrianogatto @violadacarwash;
0;0;Sick Of The Old Command Prompt in Windows 7? Upgrade To Console: Microsoft overhauled and updated much of Window... http:// bit.ly/xjG8yO;;
1;0;Hearing lots of SLGs saying moving to the #cloud has increased efficiency of employees in the gov't w/o loosing #security . #USPSCIO;;#cloud #security #USPSCIO
0;0;Windows 8 Beta: Hands-on with Microsoft 's tablet-friendly OS http:// lnkd.in/Y-fjtx;;
0;0;Meet the Next CEO of Microsoft : Steven Sinofsky Is the Heir Apparent [ Microsoft ] - It was summer 2009. Microsoft ... http:// twthpr.co/RH0jp;;
0;0;Microsoft releases first Windows 8 test to compete with iPad http:// bit.ly/vZFJXo;;
0;0;RT: “ @CNET : Holographic phone calls and 3D augmented reality desktops. See Microsoft 's cool vision of your futur... http:// bit.ly/ygwI7j;@CNET;
0;0;you know when microsoft word hasnt saved any of the work youve done. #pissed off;;#pissed
0;0;Meet the Next CEO of Microsoft : Steven Sinofsky Is the Heir Apparent [ Microsoft ] http:// bit.ly/xySjCK #Next;;#Next
0;0;is being "metro" a thing anymore? no? too bad microsoft is making windows8 all metro then. sooooo behind the times.;;
0;0;[電脳] Microsoft 、「Windows 8 Consumer Preview」を一般に向けて公開 （ITmedia）:... http:// bit.ly/y9FoIW;;
1;0;Windows 8 preview: Microsoft is abandoning the "Start" button! Clever. Do they now include a "Stop" button instead?;;
0;0;NEWS174 - ESET File Security for Microsoft Windows Server v4.3.12 has been released: http:// bit.ly/x8ZIGW;;
0;0;Windows 8 and bundling: What a difference a decade makes: Microsoft is taking some emboldened steps toward bundl... http:// bit.ly/zIZ5PY;;
0;0;RT @jackschofield : Microsoft Flight simulator is back today, and now it's free http:// bit.ly/y1QtC6;@jackschofield;
0;0;Windows 8 and bundling: What a difference a decade makes: Microsoft is taking some emboldened steps ... http:// bit.ly/zlBaZf #technology;;#technology
0;0;Windows 8 and bundling: What a difference a decade makes: Microsoft is taking some emboldened steps toward bundl... http:// tinyurl.com/7y2wv6j;;
0;0;[RSS]Meet the Next CEO of Microsoft : Steven Sinofsky Is the Heir Apparent [ Microsoft ] at http:// themacforum.us/thread-1764.ht ml … .;;
0;0;@ladygaga Microsoft lança versão preview do Windows 8.Faça o download gratuito http:// goo.gl/fb/wFWQI;@ladygaga;
0;0;Cary Tilds from Mindshare on the 'Big Idea' and Technology – #AdVision http:// bit.ly/x5Lgjb Microsoft Media;;#AdVision
0;0;@tweetfutebol @futebol_exato Microsoft lança versão preview do Windows 8.Faça o download gratuito http:// goo.gl/fb/wFWQI;@tweetfutebol @futebol_exato;
0;0;Microsoft Takes a Leap of Faith With Windows 8: In time for leap day, Windows 8 Consumer Preview garners early p... http:// bit.ly/AE9nMj;;
0;0;New post: Microsoft to distribute Windows 8 on Qualcomm, Nvidia test PCs http:// bit.ly/ADeBAV;;
0;0;#Job #ICT Product Manager Archiv-Services: SIX Group, Zürich http:// bit.ly/w56c0q #Microsoft #IT;;#Job #ICT #Microsoft #IT
0;0;#Job #ICT Technischer Koordinator (m/w)für erneuerbare Energiesysteme: Di Santo & Partner GmbH, Brugg AG http:// bit.ly/w3BIWd #Microsoft #IT;;#Job #ICT #Microsoft #IT
0;0;#Job #ICT Junior-/Senior-Projektleiter OpaccOne/ERP: Opacc Software AG, Kriens http:// bit.ly/vUcSbO #Microsoft #IT;;#Job #ICT #Microsoft #IT
0;0;#Job #ICT TECHNISCHER ASSISTENT : Chiffre, Linkes Zürichseeufer http:// bit.ly/xEuaG9 #Microsoft #IT;;#Job #ICT #Microsoft #IT
0;0;Summary Box: Microsoft unveils Windows 8 for test: Summary Box: Microsoft unveils Windows 8 for consume... http:// bit.ly/ytpLSZ #Newsday;;#Newsday
0;0;At least for now, Windows 8 remains a Microsoft Points affair (shared from RSS Central) http:// feedproxy.google.com/~r/TheNextWeb/ ~3/qciCeYlRHzo/ …;;
0;0;Netshield 4.0.3 for Microsoft Windows NT;;
1;0;Don't underestimate social media. Recently got a plumber through FB and have been found on Twitter for Microsoft Office training. #wdyt;;#wdyt
0;0;Windows Me ile Vista ya yeni kardes vermis Microsoft;;
0;0;Feel like downloading Microsoft Flight... Why? I have no idea.;;
0;0;Office pour iPad : polémique autour d'une photo niée par Microsoft http://www. pcinpact.com/news/69146-mic rosoft-office-ipad-photo.htm … via @pcinpact;@pcinpact;
0;0;Meet the Next CEO of Microsoft : Steven Sinofsky Is the Heir Apparent - Gizmodo;;
0;0;#Azure #Cloud Microsoft ’s Windows Azure suffers extended outages - GeekWire: Microsoft ’s cloud computing pl... http:// bit.ly/zGbutf #TCN;;#Azure #Cloud #TCN
0;0;Microsoft ocupó un Hotel en Barcelona para la presentación de su último sistema operativo, la vista previa de Windos 8 para sus consumidores;;
0;0;Normally I'm not one of those people who cares about Microsoft things but here I am installing the Windows 8 preview. WHAT AM I DOING?!;;
0;0;Microsoft Unveils Windows 8 for Consumer Testing - ABC News http:// ow.ly/1hITc6;;
0;0;RT @turkce : Microsoft , Windows 8'i tanıttı! http:// bit.ly/xXG0sQ;@turkce;
0;0;#ConsumerPreview release of #Windows8 showcases Microsoft 's big gamble http:// tabtim.es/GC (TabTimes);;#ConsumerPreview #Windows8
0;0;Today, Microsoft released new versions of Windows AND Server to the general public to test. What do they show on... http:// fb.me/1agOWngoL;;
0;0;Info Microsoft presenta su Windows 8 buscando recuperar el terreno perdido http:// ow.ly/1hITes;;
0;0;Meet the Next CEO of Microsoft : Steven Sinofsky Is the Heir Apparent [ Microsoft ]: ... http:// bit.ly/ypBUwJ;;
0;0;Microsoft 's Azure Cloud Suffers Serious Outage - PCWorld - VentureBeatMicrosoft's Azure Cloud Suffers Serious Ou... http:// ow.ly/1hITfL;;
0;0;sério que o microsoft office home and studant tá 200 dilmas? pqp;;
0;0;Meet the Next CEO of Microsoft : Steven Sinofsky Is the Heir Apparent: #microsoft … http:// goo.gl/fb/QnzoY #Apple #News;;#microsoft #Apple #News
0;0;Microsoft offers touch guidance to Windows 8 Metro-app developers http:// bit.ly/zqCyuU;;
0;0;Microsoft releases Windows 8 preview: Microsoft gave consumers their first opportunity to download and play arou... http:// bit.ly/xTXIqG;;
0;0;Nokia's Bet On Microsoft Could Still Yield Payoff http:// bit.ly/A63XwQ;;
0;0;굉장하다!! Microsoft 하드웨어 사업의 눈부신 성과. 하드웨어를 찍어내는 중. http:// twitpic.com/8qcy5m;;
0;0;The new Facebook design looks like a cat vomited on Microsoft PowerPoint;;
0;0;Eliminando #Windows8 . Microsoft , has batido un récord. Me he cansado de uno de tus sistemas operativos en menos de una hora.;;#Windows8
0;0;Nah but I need to type a paper & my microsoft word doesn't work . Its not a joke anymore;;
0;0;Microsoft Unveils Windows 8 for Consumer Testing http:// bit.ly/w7zrNL;;
0;0;@kellabyte It is a generic key and on the main download page at Microsoft .;@kellabyte;
0;0;Microsoft saca de la chistera el Windows 8 en su pugna con Apple y Google http:// ht.ly/1hITnI;;
0;0;Maps : Microsoft und Nokia vereinheitlichen Maps-Design: Im Rahmen der strategischen Partnerschaft zwischen Noki... http:// bit.ly/xSBunk;;
0;0;Microsoft 's Charney warns of big data privacy, security challenges: The processing power that can... http:// bit.ly/yTbt2f #Data #Privacy;;#Data #Privacy
0;0;Qualcomm chip to power Windows 8 ARM developer PCs #microsoft #windows8 http:// bit.ly/yztfEw;;#microsoft #windows8
0;0;Qualcomm chip to power Windows 8 ARM developer PCs #microsoft #windows8 http:// neow.in/AslCd2 #neowin;;#microsoft #windows8 #neowin
1;0;TeliaSonera , European Telecom Uses Microsoft Security Data to Remove Botnet Devices from Network: http:// bit.ly/wmHJR2;;
0;0;@black_dragon88m wenigstes habe ich jetzt was, was du dort unten NICHT hast! :D Microsoft #Windows 8 Consumer Preview :ppp :DD;@black_dragon88m;#Windows
0;0;Microsoft 's Azure Cloud Suffers Serious Outage: Microsoft 's Azure cloud infrastructure and development service e... http:// bit.ly/z8bx75;;
0;0;Microsoft 's Azure Cloud Suffers Serious Outage: Microsoft 's Azure cloud infrastructure and development service e... http:// bit.ly/z8bx75;;
0;0;$ csco [$$] FTC Attorney to Join Microsoft : http:// yhoo.it/A29URe $ nly $ o;;
0;0;http:// loam.wordsoft.info/zapiski/micros oft-visual-basic-samouchitel.html … microsoft visual basic самоучитель;;
1;0;. @nourtek - FYI, there is no such thing as a Microsoft Certified Partner: http:// ligman.me/yG5Cq4 #mspartner;@nourtek;#mspartner
0;0;Microsoft to distribute Windows 8 on Qualcomm, Nvidia test PCs Read more: http:// news.cnet.com/8301-13924_3-5 7387927-64/microsoft-to-distribute-windows-8-on-qualcomm-nvidia-test-pcs/#ixzz1noj3TVb2 …;;#ixzz1noj3TVb2
0;0;@pcworld Microsoft 's Azure Cloud Suffers Serious Outage: Microsoft 's Azure cloud infrastructure and ... http:// bit.ly/z8bx75 #technology;@pcworld;#technology
0;0;Microsoft 's Azure Cloud Suffers Serious Outage: Microsoft 's Azure cloud infrastructure and development service e... http:// bit.ly/Aq1xmL;;
0;0;#Information Microsoft 's Azure Cloud Suffers Serious Outage: Microsoft 's Azure cloud infrastr... http:// bit.ly/z8bx75 #Tech #Philippines;;#Information #Tech #Philippines
0;0;Blog: Windows 8 é chance final contra Android: SÃO PAULO - A Microsoft partiu para o tudo ou nada. A empresa apo... http:// bit.ly/zhtDGW;;
0;0;Sony, Microsoft Battle Hackers Over Right to 'Jailbreak' Video Game Systems http:// dlvr.it/1GCfjx;;
0;0;Microsoft presenta en Barcelona la versión beta pública de Windows 8 http:// mun.do/xeI2fV vía @elmundoes;@elmundoes;
0;0;Apple trying to merge iOS and OS X together, Microsoft is giving you one OS to rule tablets and PCs,form factor issue has been eliminated;;
0;0;Microsoft Office Ultimate 2007 x86|x64 | FULL Cracked http:// bit.ly/Akk2UL;;
0;0;id take it to Apple but i will set it off if they return my computer with a blank hard drive or a brand new one w/no microsoft *cough MB*;;
0;0;[iGeeky] Meet the Next CEO of Microsoft : Steven Sinofsky Is the Heir Apparent [ Microsoft ] http:// bit.ly/xUIGz4 #technews #gadgets;;#technews #gadgets
0;0;Microsoft 's Azure Cloud Suffers Serious Outage: Microsoft 's Azure cloud infrastructure and development service experienced a serious ...;;
0;0;Microsoft saca de la chistera el Windows 8 en su pugna con Apple y Google – RT http:// actualidad.rt.com/ciencia_y_tecn ica/electronica_tecnologia/issue_36879.html?rc=1 …;;
0;0;Microsoft 's Azure cloud infrastructure and development service experienced a serious outage on Wednesday. #imgeek;;#imgeek
0;0;Microsoft Office 2010 Pro Plus (32-64 Bit) http:// bit.ly/x8jfLy;;
0;0;Microsoft 's Azure Cloud Suffers Serious Outage: Microsoft 's Azure cloud infrastructure and development service e... http:// bit.ly/z8bx75;;
0;0;Microsoft 's Azure Cloud Suffers Serious Outage http:// tinyurl.com/7llb2fl;;
0;0;Windows 8 and bundling: What a difference a decade makes: Microsoft is taking some emboldened steps toward bundl... http:// vsb.li/YNpq1G;;
0;0;Microsoft 's Azure Cloud Suffers Serious Outage: Microsoft 's Azure cloud infrastructure and development service e... http:// bit.ly/Aq1xmL;;
0;0;Microsoft 's Azure Cloud Suffers Serious Outage: Microsoft 's Azure cloud infrastructure and development service e... http:// bit.ly/Aq1xmL;;
0;0;Windows 8 and bundling: What a difference a decade makes: Microsoft is taking some emboldened steps toward bundl... http:// zd.net/wfEA4G;;
0;0;Windows 8 and bundling: What a difference a decade makes: Microsoft is taking some emboldened steps toward bundl... http:// zd.net/AcsISa;;
0;0;Microsoft 's Azure cloud infrastructure and development service experienced a serious outage on Wednesday. http:// bit.ly/wFWolT;;
0;0;Windows 8 and bundling: What a difference a decade makes: Microsoft is taking some emboldened steps toward bundl... http:// zd.net/AcsISa;;
0;0;Microsoft is taking some emboldened steps toward bundling formerly separate apps and services in Windows 8. http:// zd.net/webpoR;;
5;0;Microsoft have actually lost their minds. Here's Windows 8. Style over substance, just without any actual style. http:// twitpic.com/8qcxta;;
0;0;#zdnet Windows 8 and bundling: What a difference a decade makes: Microsoft is taking some emboldened steps towar... http:// twurl.nl/ffvikq;;#zdnet
0;0;Microsoft 's Azure Cloud Suffers Serious Outage: Microsoft 's Azure cloud infrastructure and developme... http:// bit.ly/z8AUCC LR=U1281182;;
0;0;Microsoft unveils Windows 8 for consumer testing: Microsoft unveils Windows 8 for consumer testingThe operating ... http:// bit.ly/bJrthu;;
0;0;Windows 8 and bundling: What a difference a decade makes: Microsoft is taking some emboldened steps toward bundl... http:// zd.net/AcsISa;;
0;0;WoW look: Windows 8 and bundling: What a difference a decade makes: Microsoft is taking some emboldened steps to... http:// zd.net/AcsISa;;
0;0;Windows 8 and bundling: What a difference a decade makes: Microsoft is taking some emboldened steps toward bundl... http:// zd.net/AcsISa;;
0;0;Meet the Next CEO of Microsoft : Steven Sinofsky Is the Heir Apparent [ Microsoft ]: It was summer 2009. Microsoft ... http:// bit.ly/yDAEn3;;
0;0;Microsoft 's Azure Cloud Suffers Serious Outage: Microsoft 's Azure cloud infrastructure and development service e... http:// bit.ly/z8bx75;;
1;0;Sites Microsoft quite a bit as best place to work in ND: http://www. inforum.com/event/article/ id/352371/publisher_ID/1/ …;;
0;0;Meet the Next CEO of Microsoft : Steven Sinofsky Is the Heir Apparent [ Microsoft ] http:// bit.ly/wM5ouv;;
0;0;Microsoft 's Azure Cloud Suffers Serious Outage http:// bit.ly/z8bx75 #pc #p2p #games #in;;#pc #p2p #games #in
0;0;#PCWorld : Microsoft 's Azure Cloud Suffers Serious Outage http:// bit.ly/Aq1xmL;;#PCWorld
0;0;Microsoft представила Windows 8 Consumer Preview: Сегодня в рамках выставки MWC 2012 произошло еще одно знач... http:// bit.ly/A6lT12;;
0;0;And seriously #Microsoft , who would put a planning step with bunch of http links into an installation process? FFS get real for once :S;;#Microsoft
0;0;Microsoft Dishes On Windows Phone 'Tango' And More http:// pulse.me/s/6qgK5;;
0;0;Microsoft Previews Its Most Important Piece Of Software In Decades http://www. businessinsider.com/microsoft-prev iews-its-most-important-piece-of-software-in-decades-2012-2?utm_source=twbutton&utm_medium=social&utm_campaign=sai … via @sai;@sai;
0;0;Microsoft Flight is pretty awesome. Look how great I am at it pic.twitter.com/l0takk7f;;
0;0;Microsoft inicia seu programa de capacitação em Pernambuco e outros 10 Estados;;
0;0;http:// ought.softdoc.info/zarubezhnyy-me tal/microsoft-works-90-skachat-besplatno.html … microsoft works 9.0 скачать бесплатно;;
0;0;Microsoft Makes Windows 8 'Beta' Available For Consumers: What's New? http:// huff.to/AEzqvM via @huffingtonpost;@huffingtonpost;
0;0;http:// engt.co/w7nihC -- Microsoft Windows 8 Consumer Preview detailed impressions;;
0;0;Microsoft 's Azure Cloud Suffers Serious Outage: Microsoft 's Azure cloud infrastructure and developme... http:// bit.ly/z8bx75 #technology;;#technology
0;0;遂に一般向けが公開されたわね QT @topitmedia : Microsoft 、「Windows 8 Consumer Preview」を一般に向けて公開 - ITmedia ニュース http:// r.sm3.jp/3Yfu;@topitmedia;
0;0;Leap-Day Bug Fingered in Microsoft Azure Cloud Outage http:// bit.ly/y4owBf;;
0;0;Microsoft 's Azure Cloud Suffers Serious Outage: Microsoft 's Azure cloud infrastructure and development service e... http:// bit.ly/zZvqtJ;;
0;0;PCWorld: Microsoft 's Azure Cloud Suffers Serious Outage http:// bit.ly/z8bx75;;
0;0;I guess that Microsoft video has a point: only 3 years till hoverboards, only 7 years till off-world colonies.;;
0;0;Microsoft 's Azure Cloud Suffers Serious Outage: Microsoft 's Azure cloud infrastructure and development service e... http:// bit.ly/z8bx75;;
0;0;Microsoft 's Azure Cloud Suffers Serious Outage: Microsoft 's Azure cloud infrastructure and development service e... http:// bit.ly/w6CC7A;;
0;0;I'm at Microsoft Studio F w/ @iseebi http:// 4sq.com/wMPqDV;@iseebi;
0;0;Microsoft 's Azure Cloud Suffers Serious Outage: Microsoft 's Azure cloud infrastructure and development service e... http:// bit.ly/yqgE45;;
1;0;De interface van Windows 8 Microsoft lanceert de beta-versie van zijn komende besturingssysteem, Windows 8. http:// goo.gl/Eav4A;;
0;0;[Mobile - http:// bit.ly/wRsX8P Why Windows 8 is Microsoft ’s most vital launch in years;;
0;0;Windows 8 and bundling: What a difference a decade makes - http:// bit.ly/wzsgWk - [Zdnet Microsoft ];;
0;0;@Windows @Microsoft Really, there should be an option to disabld the metronUI. For tablet PCs this is just nice, but not for a PC.;@Windows @Microsoft;
1;0;State of Minnesota migrated 40,000 users to @office365 in > 2 months. Most users don't realize they access a different backend now. #USPSCIO;@office365;#USPSCIO
0;0;Microsoft 's Azure cloud infrastructure and development service experienced a serious outage on Wednesday. ... http:// bit.ly/z8bx75 #tech;;#tech
0;0;" @YourAnonNews : Apparently, Microsoft 's Windows Azure doesn't understand the concept of a "Leap Day." Sigh. | http:// goo.gl/nwlpr ";@YourAnonNews;